10
272 1
33 0
68
2 0 232 0
227 0 201 0
114 0 196 0
83 0 78 0
144 0 139 0
47 0 26 0
21 0 0 0
251 0 225 0
220 0 112 0
189 0 168 0
163 0 158 0
132 0 24 0
19 0 249 0
218 0 213 0
126 0 192 0
100 0 95 0
161 0 74 0
69 0 151 0
48 0 43 0
12 0 7 0
242 0 211 0
206 0 119 0
98 0 180 0
93 0 262 0
175 0 149 0
128 0 41 0
10 0 240 0
230 0 209 0
122 0 117 0
96 0 265 0
65 0 142 0
34 0 29 0
8 0 254 0
228 0 223 0
197 0 110 0
176 0 89 0
258 0 166 0
79 0 145 0
58 0 53 0
135 0 32 0
22 0 252 0
226 0 221 0
190 0 169 0
82 0 164 0
25 0 20 0
250 0 219 0
214 0 127 0
193 0 101 0
183 0 75 0
157 0 131 0
44 0 13 0
248 0 217 0
207 0 186 0
99 0 263 0
73 0 155 0
68 0 150 0
16 0 11 0
6 0 236 0
231 0 205 0
92 0 261 0
87 0 148 0
143 0 40 0
35 0 9 0
4 0 255 0
234 0 229 0
121 0 203 0
116 0 177 0
172 0 64 0
514 1
479 0
71
371 0 23 0
232 0 401 0
314 0 227 0
396 0 222 0
114 0 283 0
196 0 278 0
503 0 144 0
47 0 451 0
364 0 512 0
246 0 415 0
225 0 215 0
112 0 168 0
81 0 158 0
137 0 132 0
439 0 418 0
326 0 300 0
213 0 126 0
192 0 274 0
187 0 100 0
504 0 161 0
499 0 156 0
69 0 473 0
130 0 468 0
381 0 463 0
437 0 350 0
324 0 385 0
293 0 206 0
267 0 93 0
175 0 72 0
379 0 461 0
374 0 440 0
5 0 317 0
399 0 209 0
291 0 117 0
96 0 91 0
86 0 147 0
142 0 377 0
29 0 367 0
254 0 397 0
197 0 279 0
171 0 166 0
145 0 58 0
140 0 53 0
32 0 1 0
426 0 313 0
303 0 282 0
159 0 56 0
138 0 450 0
332 0 393 0
214 0 280 0
275 0 157 0
495 0 474 0
361 0 248 0
330 0 217 0
125 0 207 0
186 0 472 0
129 0 354 0
349 0 6 0
236 0 405 0
231 0 384 0
297 0 123 0
184 0 92 0
491 0 148 0
61 0 143 0
378 0 373 0
352 0 434 0
347 0 429 0
342 0 321 0
234 0 403 0
111 0 90 0
510 0 146 0
435 1
54 0
68
33 0 371 0
340 0 422 0
222 0 283 0
47 0 26 0
364 0 359 0
0 0 246 0
394 0 389 0
302 0 215 0
194 0 168 0
163 0 71 0
24 0 362 0
218 0 300 0
213 0 269 0
95 0 156 0
69 0 38 0
324 0 319 0
216 0 293 0
206 0 119 0
98 0 93 0
72 0 41 0
379 0 374 0
353 0 348 0
409 0 296 0
199 0 173 0
86 0 60 0
142 0 372 0
367 0 433 0
428 0 341 0
254 0 423 0
320 0 315 0
397 0 120 0
289 0 115 0
284 0 197 0
22 0 1 0
339 0 252 0
421 0 247 0
308 0 221 0
303 0 113 0
282 0 256 0
77 0 56 0
46 0 363 0
419 0 301 0
106 0 275 0
183 0 382 0
39 0 361 0
351 0 248 0
417 0 412 0
325 0 304 0
125 0 104 0
186 0 99 0
268 0 263 0
73 0 155 0
68 0 150 0
375 0 328 0
405 0 231 0
210 0 287 0
184 0 266 0
174 0 153 0
61 0 373 0
9 0 434 0
347 0 429 0
255 0 408 0
321 0 234 0
229 0 398 0
311 0 116 0
285 0 198 0
264 0 172 0
85 0 59 0
870 1
33 0
63
432 0 253 0
335 0 401 0
222 0 288 0
201 0 191 0
595 0 83 0
508 0 165 0
564 0 52 0
456 0 451 0
533 0 819 0
727 0 624 0
107 0 189 0
680 0 163 0
132 0 383 0
536 0 362 0
439 0 817 0
387 0 638 0
105 0 274 0
187 0 550 0
442 0 324 0
237 0 692 0
605 0 67 0
379 0 548 0
522 0 409 0
742 0 209 0
634 0 291 0
117 0 603 0
86 0 572 0
34 0 29 0
367 0 853 0
766 0 228 0
310 0 223 0
84 0 544 0
457 0 452 0
334 0 733 0
190 0 169 0
159 0 650 0
51 0 471 0
368 0 25 0
445 0 839 0
818 0 275 0
695 0 643 0
131 0 868 0
330 0 837 0
217 0 386 0
811 0 294 0
207 0 616 0
785 0 181 0
155 0 493 0
575 0 129 0
375 0 835 0
384 0 210 0
804 0 292 0
630 0 184 0
696 0 609 0
266 0 773 0
604 0 261 0
660 0 61 0
378 0 35 0
460 0 542 0
398 0 823 0
208 0 720 0
290 0 264 0
689 0 510 0
802 1
366 0
53
535 0 253 0
227 0 309 0
391 0 201 0
600 0 333 0
102 0 680 0
593 0 444 0
357 0 326 0
392 0 730 0
638 0 187 0
781 0 161 0
156 0 69 0
350 0 411 0
749 0 631 0
610 0 497 0
661 0 487 0
374 0 5 0
343 0 296 0
291 0 204 0
286 0 798 0
265 0 91 0
511 0 490 0
654 0 377 0
372 0 29 0
346 0 3 0
254 0 423 0
745 0 740 0
622 0 601 0
678 0 657 0
570 0 483 0
53 0 135 0
447 0 1 0
764 0 334 0
759 0 313 0
738 0 712 0
195 0 82 0
164 0 589 0
481 0 645 0
537 0 363 0
424 0 245 0
219 0 792 0
695 0 505 0
674 0 495 0
760 0 294 0
273 0 263 0
667 0 63 0
467 0 431 0
630 0 118 0
604 0 686 0
148 0 143 0
373 0 234 0
316 0 741 0
720 0 290 0
628 0 602 0
524 1
484 0
94
479 0 453 0
366 0 23 0
345 0 335 0
396 0 309 0
283 0 196 0
83 0 139 0
477 0 364 0
21 0 0 0
338 0 246 0
307 0 220 0
302 0 112 0
107 0 189 0
163 0 76 0
45 0 24 0
449 0 362 0
19 0 14 0
439 0 331 0
326 0 239 0
218 0 105 0
100 0 95 0
156 0 494 0
48 0 473 0
43 0 38 0
355 0 12 0
519 0 329 0
324 0 237 0
298 0 211 0
272 0 185 0
262 0 149 0
487 0 41 0
466 0 461 0
374 0 31 0
353 0 10 0
348 0 517 0
404 0 230 0
399 0 296 0
209 0 122 0
291 0 204 0
286 0 178 0
91 0 173 0
86 0 65 0
147 0 60 0
459 0 520 0
8 0 515 0
423 0 233 0
402 0 397 0
120 0 289 0
197 0 279 0
509 0 79 0
58 0 483 0
140 0 53 0
135 0 32 0
457 0 27 0
22 0 447 0
1 0 339 0
252 0 334 0
400 0 313 0
226 0 308 0
303 0 200 0
282 0 256 0
169 0 82 0
164 0 476 0
133 0 46 0
471 0 358 0
424 0 327 0
301 0 193 0
275 0 101 0
270 0 80 0
162 0 75 0
500 0 157 0
70 0 495 0
136 0 49 0
131 0 39 0
443 0 438 0
351 0 248 0
243 0 412 0
217 0 386 0
104 0 181 0
129 0 467 0
354 0 523 0
11 0 410 0
297 0 118 0
287 0 266 0
261 0 496 0
66 0 491 0
148 0 486 0
465 0 373 0
455 0 352 0
408 0 321 0
234 0 398 0
198 0 111 0
90 0 259 0
64 0 489 0
146 0 59 0
866 1
2 0
52
314 0 396 0
703 0 503 0
420 0 389 0
276 0 614 0
680 0 480 0
137 0 526 0
413 0 326 0
751 0 730 0
638 0 786 0
100 0 586 0
156 0 437 0
754 0 298 0
723 0 180 0
262 0 154 0
579 0 374 0
543 0 855 0
240 0 747 0
721 0 122 0
803 0 204 0
629 0 608 0
664 0 567 0
546 0 459 0
745 0 402 0
176 0 601 0
79 0 145 0
625 0 195 0
169 0 164 0
77 0 46 0
471 0 424 0
332 0 757 0
245 0 839 0
813 0 214 0
639 0 106 0
613 0 70 0
561 0 495 0
136 0 49 0
530 0 330 0
616 0 181 0
672 0 150 0
554 0 37 0
441 0 523 0
349 0 241 0
405 0 318 0
743 0 179 0
174 0 496 0
578 0 66 0
552 0 547 0
30 0 542 0
516 0 859 0
4 0 408 0
203 0 771 0
576 0 146 0
491 1
376 0
65
371 0 453 0
432 0 340 0
253 0 335 0
314 0 391 0
88 0 257 0
165 0 78 0
144 0 52 0
477 0 364 0
21 0 446 0
0 0 425 0
415 0 312 0
302 0 281 0
107 0 163 0
71 0 137 0
132 0 470 0
249 0 305 0
300 0 295 0
192 0 274 0
269 0 182 0
473 0 468 0
38 0 17 0
355 0 350 0
329 0 411 0
324 0 237 0
216 0 385 0
119 0 185 0
180 0 175 0
149 0 487 0
36 0 374 0
10 0 240 0
404 0 230 0
291 0 265 0
152 0 485 0
464 0 34 0
367 0 8 0
433 0 320 0
315 0 397 0
310 0 223 0
289 0 279 0
166 0 478 0
447 0 313 0
308 0 138 0
476 0 133 0
25 0 358 0
15 0 337 0
245 0 306 0
301 0 127 0
280 0 275 0
183 0 448 0
18 0 330 0
412 0 386 0
299 0 125 0
268 0 94 0
160 0 73 0
16 0 11 0
349 0 328 0
241 0 410 0
231 0 384 0
123 0 292 0
92 0 153 0
66 0 61 0
465 0 460 0
455 0 403 0
290 0 203 0
111 0 146 0
242 1
141 0
63
54 0 28 0
23 0 2 0
232 0 201 0
114 0 170 0
78 0 139 0
52 0 134 0
47 0 26 0
0 0 225 0
220 0 215 0
112 0 163 0
71 0 137 0
50 0 132 0
45 0 14 0
239 0 192 0
105 0 95 0
74 0 156 0
69 0 48 0
130 0 43 0
12 0 237 0
216 0 206 0
93 0 72 0
149 0 62 0
128 0 41 0
31 0 10 0
5 0 240 0
235 0 122 0
204 0 96 0
173 0 86 0
152 0 65 0
60 0 142 0
55 0 34 0
29 0 228 0
223 0 202 0
115 0 89 0
171 0 79 0
140 0 135 0
32 0 27 0
226 0 221 0
200 0 113 0
195 0 103 0
169 0 164 0
77 0 56 0
46 0 20 0
224 0 127 0
101 0 162 0
75 0 157 0
70 0 44 0
39 0 13 0
238 0 217 0
212 0 104 0
186 0 99 0
181 0 160 0
73 0 129 0
42 0 241 0
210 0 184 0
97 0 92 0
174 0 87 0
153 0 66 0
148 0 143 0
35 0 9 0
229 0 208 0
198 0 177 0
90 0 85 0
459 1
141 0
55
54 0 376 0
23 0 422 0
232 0 396 0
309 0 222 0
114 0 283 0
83 0 139 0
52 0 47 0
456 0 369 0
26 0 21 0
251 0 333 0
312 0 225 0
394 0 112 0
281 0 81 0
76 0 137 0
132 0 249 0
418 0 331 0
239 0 300 0
274 0 360 0
442 0 355 0
124 0 206 0
119 0 180 0
149 0 128 0
374 0 348 0
409 0 91 0
152 0 142 0
34 0 29 0
454 0 346 0
428 0 402 0
289 0 110 0
176 0 84 0
79 0 145 0
140 0 370 0
22 0 395 0
195 0 108 0
82 0 159 0
25 0 20 0
358 0 275 0
183 0 80 0
157 0 443 0
356 0 351 0
248 0 417 0
330 0 243 0
104 0 186 0
181 0 155 0
150 0 380 0
37 0 431 0
328 0 292 0
97 0 266 0
92 0 87 0
153 0 66 0
61 0 373 0
429 0 403 0
203 0 116 0
198 0 264 0
64 0 146 0
