10
436
15 -141 -454 -332 -363 419 -137 300 -13 -461 104 347 177 -420 138 187 -470 216 434 378 278 394 208 181 366 -399 -372 229 -395 -108 350 261 143 -182 195 103 332 276 356 280 -262 397 -208 -181 -87 -276 311 425 -136 128 -361 421 -297 480 191 -152 -147 -140 -71 408 137 -229 -169 -8 -287 -25 345 112 130 -155 -284 33 244 401 -236 -374 450 -229 124 308 -239 -399 -161 435 -296 100 60 452 454 -52 -75 114 -448 -359 103 -4 -161 -474 -70 -483 -183 -45 -396 161 -329 -296 -329 212 -433 147 377 -314 -294 421 19 412 -23 -468 262 -415 -288 -82 253 -310 254 -220 136 -213 500 -81 211 -373 56 -420 -182 345 -419 426 -203 -182 188 363 -225 -208 -312 79 424 -279 304 260 -259 305 231 -227 -22 72 70 267 -197 216 -226 -393 485 -390 162 -285 -195 388 -123 166 318 253 -120 -349 -152 290 -103 -31 -309 64 413 88 389 47 -194 -43 329 -1 -181 42 -189 -350 236 346 -301 -244 -450 -55 -287 -189 -221 -306 148 -242 130 180 244 478 466 3 -165 -254 353 231 -354 -304 375 -132 367 -338 -77 -356 -59 -441 292 489 268 -50 353 403 250 168 134 71 243 349 -329 56 -339 163 11 49 -105 -58 -442 -415 200 -299 473 103 323 -228 -27 247 -460 -7 -409 -185 -213 223 -414 -266 -58 -113 47 -120 -5 -149 -476 59 378 -268 430 -253 -243 399 192 208 219 242 118 409 -101 224 -421 337 -474 469 -299 485 -289 -141 437 446 -461 200 -388 -100 107 196 172 -265 -88 251 -318 139 440 356 449 -254 415 176 -203 -249 -380 263 425 -84 -269 409 426 270 242 -459 209 52 469 -133 288 -258 -92 9 490 496 -499 -117 -113 -172 -331 -207 483 237 -483 262 395 -425 -372 100 294 -363 -50 -367 441 362 18 -192 -62 208 210 91 -481 132 -373 -226 337 -340 -331 -84 -322 -419 -292 -311 -132 99 434 17 -381 -15 -484 497 -80 327 -452 60 58 -214 -203 -401 -168 422 481 -216 -476 35 -490 -418 39 -92 -340 -23 245 -429 222 -11 -455 2 -298 214 -500 -17 -255 111 -325 82 153 -485 352 274 -481 -92 162 328 390 -92 -442 -47 396 255 -23 -83 353 196 424 279 296 139
351
-141 -317 -30 -485 -435 -5 -431 -314 -494 185 14 -313 -135 8 360 -156 124 282 -18 -231 233 220 -432 70 -300 349 363 -368 -428 -431 216 261 80 -250 -152 431 -58 -402 -326 300 378 -322 -205 -276 353 381 357 293 400 -329 -368 -326 460 -8 155 -376 321 196 487 -102 -30 -54 267 -231 -357 -439 -317 468 247 227 421 449 241 -440 478 -240 -499 -375 462 -144 -491 140 473 359 -500 -355 -74 406 -278 -337 202 483 481 -258 422 -125 -35 -70 250 169 38 -389 381 341 -375 -73 292 -28 430 -102 319 -367 59 66 334 448 -77 -400 363 409 492 -18 415 -414 397 -2 -173 409 326 117 262 -221 88 116 -358 310 230 150 -370 243 -286 360 -257 -228 -172 -5 103 -13 -30 -359 59 -497 -147 66 -492 22 -202 -159 -405 -77 -478 310 214 28 149 430 -323 222 -36 334 286 -20 -103 133 -73 -451 323 354 195 -249 402 164 453 202 -494 -362 -356 -491 53 73 -405 -203 141 -486 269 -194 -355 367 -126 283 -491 -214 102 -142 -327 -466 -105 -175 -229 -462 28 489 214 32 167 -193 151 115 -325 403 -469 399 -78 -229 -411 96 -9 -499 141 -477 217 409 -293 -247 -153 -308 -413 386 -414 59 427 479 -306 238 -50 -392 94 -388 157 306 46 -456 416 216 -447 -487 28 200 149 -211 -303 -131 -436 -116 407 -164 462 76 282 444 464 449 13 43 38 339 -104 -428 299 -458 -187 -28 272 -131 132 -346 -441 -282 -385 159 232 213 326 84 -384 146 -427 370 492 239 354 113 335 -243 -273 122 329 371 371 161 -498 -232 100 -473 68 -38 180 -148 23 -484 304 176 480 -92 -151 397 230 -142 -125 -162 -375 386 451 10 -475 106 372 368 -105 271 -123 -332 179 267 433 54 138 432 329 -479 51
314
-151 325 -88 -287 85 -3 -136 -206 198 -243 -12 -371 -336 -181 -155 -388 -188 -166 -339 480 -324 286 407 -187 -233 473 -493 192 -424 420 104 251 399 20 -32 498 -363 319 262 336 -427 175 201 25 -13 -222 331 68 -295 -217 217 220 122 -24 283 -111 -456 -376 -58 -438 -146 -2 -8 -78 238 -44 -98 6 -216 499 -211 62 -75 -104 127 -468 -115 78 -351 -55 -168 289 120 -153 161 391 162 -429 54 111 -374 128 -248 209 91 -250 -293 -476 -165 127 -494 -397 77 -237 -64 352 -196 41 354 -323 185 128 -454 287 182 -123 -398 -354 383 281 -234 -140 428 -343 304 -321 331 -80 -97 -336 172 -47 -200 303 52 -456 395 -302 466 432 220 -111 -12 9 -296 79 357 364 -250 -301 -364 154 143 -134 106 -45 -378 231 185 298 -89 287 230 104 264 439 414 -439 -273 10 41 328 85 111 184 305 250 153 -311 62 470 160 184 458 276 312 188 -232 -335 306 363 -221 -105 -409 -105 337 -401 430 304 -369 -163 -291 497 -280 108 252 304 111 6 -11 -268 -226 -337 -457 111 72 104 -223 -465 0 -403 -219 81 -129 -383 326 -491 -336 30 496 499 403 89 -394 -79 191 400 306 -278 -118 142 -119 342 -491 76 -215 349 -43 -187 180 64 157 146 209 103 -45 -184 -38 -163 -305 220 -240 -489 248 -396 331 74 -2 -208 -343 -33 97 324 -349 -320 499 -386 248 -351 -70 244 333 -323 -107 -304 154 329 237 213 -462 -124 -412 -495 -495 477 -280 367 308 -40 190 -90 -395 -24 17 -278 -469 8 -139 3 -256 268 -37 -489 -470
256
-65 290 -457 -57 188 42 25 -427 72 -212 134 -496 -158 -260 -440 -7 -305 -59 -313 -409 -463 330 -231 -452 -278 265 -450 -125 456 -293 -60 -184 -485 212 140 -23 476 -221 -27 -97 385 -116 -218 -452 -209 -498 -354 -444 412 -5 -300 61 389 -203 -145 -23 -203 309 460 302 -314 266 22 -317 49 180 177 -446 -130 -22 404 -449 159 352 -226 -113 24 116 307 463 -68 -34 -248 426 240 -271 -343 -159 -125 370 -480 -393 -269 377 108 -207 -256 -375 -150 -469 111 77 211 -436 500 101 -260 241 450 -409 358 -93 -138 180 430 244 -341 -496 280 5 -180 -99 92 218 -69 -219 28 -401 -52 246 -219 -352 -491 119 177 196 350 391 181 362 -34 -6 -59 -205 -135 -230 -421 447 299 424 476 -464 -487 497 433 -121 -206 8 154 381 385 136 -51 109 63 -390 289 24 -354 463 437 -324 -313 127 -357 378 28 -23 47 -380 -486 -244 59 406 410 -224 -436 -314 196 -312 -141 -290 -340 -372 -107 -476 -112 292 443 -81 46 -490 322 7 -75 457 124 -311 458 -193 482 -169 -73 163 -253 327 331 -292 442 -238 447 340 -352 268 162 272 -47 -122 393 461 349 -454 149 -217 -265 258 -190 194 242 283 170 492 -246 455 274 -163 146 -117 85 -323 317 -320 -193 368 -267 350
307
401 -158 492 -76 -209 -35 -200 -176 163 71 466 -398 -379 -292 121 -387 -262 170 -318 -150 -185 -284 396 442 -135 -364 -357 166 23 271 -348 47 127 454 -143 -443 -138 -12 95 305 -358 -199 451 459 -395 413 -83 459 -288 292 -122 392 190 -224 243 -434 -63 -3 -411 296 -190 481 -438 -453 240 209 319 322 -188 187 -468 -121 191 456 -49 -15 -370 -499 181 -276 -424 -295 -276 53 -10 371 125 254 380 65 -254 -461 -77 -235 -328 -106 -135 -429 -79 489 -212 492 194 300 217 -488 -319 -307 -57 76 -391 -273 130 -346 -474 458 -415 -58 -237 -96 142 12 278 -295 430 363 290 -31 -356 -421 379 -431 305 -302 323 390 -373 -338 72 436 -273 59 -35 -427 8 481 493 -423 -63 379 -124 276 -57 -426 -110 -167 -340 99 284 90 51 -485 -61 91 300 -183 -21 -151 -230 3 409 -224 381 226 -400 178 -115 265 443 426 261 126 476 -472 -336 100 -47 -21 26 395 -429 226 10 36 -123 136 -164 324 -338 -316 488 -144 -490 -323 368 16 256 46 195 -248 -288 -239 172 154 -59 -475 155 198 -370 -251 460 190 185 -343 -35 364 -108 331 22 -81 352 -202 -319 -277 260 -292 261 -270 437 -461 -471 -233 92 306 334 -191 5 45 -462 -292 -299 -451 -159 317 -86 378 442 -326 -256 224 336 -392 -295 391 422 -130 332 -292 378 132 343 134 8 323 -4 106 -282 -178 361 3 -134 -197 323 -490 -452 116 -446 -225 -436 26 -201 -247 388 92 252 113 152 -292 -479 -271 -27 355 245 482 281 -346 -159
474
-449 306 363 428 -100 125 -282 -447 -22 378 68 462 -322 -66 484 194 -320 280 419 -63 228 -117 252 -89 197 7 207 117 -329 -170 -254 -359 -90 -337 -250 -87 213 172 -238 -187 -478 -317 -38 -46 -434 60 431 -282 402 129 -458 -50 220 -71 -343 -5 34 -465 -465 393 -344 50 -176 63 -131 -114 -407 -24 254 306 -279 242 283 255 -366 401 -438 -432 -351 -433 -400 26 248 -404 61 62 189 260 495 284 -125 -237 -154 193 409 -98 187 227 -96 -444 479 -203 -308 -73 -323 379 228 8 260 -122 55 233 184 178 455 313 287 45 500 380 -474 380 79 380 -123 -275 -171 -390 -178 142 205 123 126 78 286 433 336 -448 11 -482 -155 -6 -472 129 -302 13 60 473 -3 49 -418 -344 -246 -126 270 -263 369 -50 -303 494 -120 287 127 203 89 -449 488 151 248 -431 199 -89 -258 468 -255 486 -499 -422 14 -294 469 211 -414 -446 -225 445 20 224 -43 500 -12 58 -26 396 -328 348 -398 116 350 415 -176 107 -498 -309 -288 288 255 -55 12 -342 250 277 -172 -197 -422 -342 -261 -23 -109 202 -220 183 378 170 -54 -288 -131 99 440 -11 295 -495 436 8 351 -489 -380 -50 -229 -112 -59 77 430 -14 -28 473 300 -250 376 100 -28 -194 173 192 -301 -33 -342 432 -414 23 -299 66 -349 152 467 453 -455 437 -309 113 1 305 -45 196 440 -392 368 120 -315 -356 -344 4 323 310 162 -327 243 -205 -482 450 7 -249 329 -59 86 48 -374 469 -63 -279 492 -363 -194 -17 -397 230 413 48 353 114 -407 274 219 158 213 244 -11 -139 -379 -454 239 -10 82 -195 -22 462 -376 -214 -251 -62 428 417 -294 -427 495 -111 389 298 -76 437 -439 370 450 -393 162 225 -362 371 -188 -88 -419 -21 372 -22 -31 -57 -389 -84 153 -370 469 236 494 -246 -39 -72 159 473 274 313 -478 -308 -125 -372 -399 -246 101 -121 -10 -50 -206 -443 244 -166 -206 2 -365 -430 315 -138 -343 389 428 -496 65 315 287 -272 49 185 -347 323 23 -349 94 301 347 -150 343 -171 433 -361 53 -91 -421 450 385 474 280 -63 153 -359 119 -416 332 326 -111 317 -183 208 -53 -178 342 200 485 -211 398 375 369 354 377 185 86 298 -199 90 124 399 132 -79 10 237 -257 93 77 355 308 -335 384 -367 360 256 -211 -344 232 -336 219 -153 -186 126 -140 323 377 463
341
133 -314 -137 266 -193 -188 357 219 312 171 240 389 362 246 254 -46 216 315 27 453 -408 -306 -154 366 -395 -237 -320 -128 -394 36 -351 -313 -385 327 128 265 -248 258 450 -426 213 -354 39 133 376 8 315 -443 -377 -23 140 106 447 83 82 -299 -301 339 138 343 -76 254 -95 -120 336 -456 153 139 338 162 87 -339 245 191 -250 -98 -96 -71 -287 93 -294 136 85 291 85 -174 -89 -250 -226 223 31 196 -393 450 -277 -280 -455 -494 119 215 -21 -389 178 -251 -479 -278 -258 -126 17 -294 -33 -133 -128 253 -110 -346 -378 -182 143 -154 471 234 -397 -401 -449 374 -271 -38 -229 398 -16 67 179 -7 -5 50 -33 267 171 354 -82 -93 31 -439 349 245 245 -456 429 -345 -248 -186 -121 -156 14 -178 -144 417 -324 414 299 -230 32 -237 -111 -260 -244 -481 333 -165 74 76 -422 396 486 364 478 192 424 -436 -438 -141 -84 -36 336 -191 302 -279 124 253 -254 -141 344 -32 234 -258 -177 398 -45 -280 15 -436 -338 -187 337 140 -33 93 133 -357 -276 -296 -171 -210 -84 411 112 -151 302 -458 -449 159 -323 -475 -480 18 -365 418 -217 206 500 272 -430 3 125 -319 96 344 -224 385 -451 118 -132 -159 207 225 473 67 -72 224 120 -451 289 -402 -264 122 69 -479 -336 100 -475 295 71 -226 -182 112 -11 -321 -448 1 -454 -231 -395 -354 127 -257 -239 294 428 -475 -268 -335 408 187 33 391 -418 -29 -173 -125 222 -497 -277 -355 -282 -197 -276 298 0 -135 93 -81 -423 -108 -52 -74 -456 -37 368 134 411 -444 -374 -223 -131 -212 -83 -480 -219 -1 150 405 257 257 464 330 347 245 450 -488 -481 455 -41 357 -466 -193 22 473 -477 -190 -373
434
248 57 -382 10 142 -271 47 -232 -214 467 -234 -316 -319 196 -2 285 -310 -246 -118 -95 -238 -211 -404 -1 -104 -87 452 48 -500 466 -244 162 239 222 197 -459 405 207 58 -33 -147 128 -76 205 40 -96 348 -472 218 -78 -7 455 -155 287 344 479 80 151 354 -326 363 -439 69 -484 164 -349 -389 209 212 -413 -301 -75 225 438 -186 -4 -404 -284 -306 4 173 226 205 -381 -20 421 -44 113 350 426 211 484 178 -88 -38 344 -331 -362 333 252 340 -161 -106 205 -408 302 -9 -199 282 129 32 77 344 395 -14 -142 477 28 441 237 321 -485 -197 84 -290 -125 -311 -420 265 -409 -209 112 400 80 216 -343 -293 472 181 92 59 323 -353 -168 -465 -340 219 -341 32 -149 -161 161 -59 -379 -201 18 -438 416 -339 -335 -135 -14 217 119 70 163 -148 30 -68 32 81 467 -248 381 -295 -497 423 211 -334 135 69 -56 495 -23 -298 -449 385 -120 126 -485 317 -40 -450 -284 224 -263 342 -183 349 184 -359 113 294 -141 -406 33 273 261 265 -364 332 -8 71 -112 -57 -425 -356 -376 -389 -326 343 -427 -377 228 363 202 -280 177 -259 241 330 -3 357 184 -10 400 378 -267 330 204 169 -433 -220 -273 -404 -177 -99 -263 259 -206 -410 442 -474 448 121 -476 -460 146 475 -262 388 -174 250 -314 -417 371 -173 50 -263 133 -348 458 465 -153 264 -247 91 104 -64 375 128 -156 395 462 -168 307 363 389 220 73 -172 31 421 -446 57 426 112 -316 62 413 -90 -440 417 -299 497 -380 392 -66 -361 -246 -420 -257 -424 162 -242 463 -378 -245 139 -459 -378 247 23 465 113 466 459 153 110 -252 104 139 -376 390 -441 436 351 -216 146 282 297 -353 -370 200 -406 -396 274 -296 -446 260 100 66 218 -281 477 -311 -484 -264 492 -420 42 159 -218 327 -316 70 453 470 -397 -456 -139 191 32 99 -368 -321 83 285 -405 230 475 -382 332 434 208 338 271 -3 133 178 -280 -164 -174 -79 -471 -41 -317 -289 113 -26 -137 -149 192 448 -181 212 47 -214 -193 -227 -73 157 142 -478 -401 -372 -267 98 203 -454 -430 28 157 -363 -6 -256 222 191 -274 -107 225 190 -319 -395
295
-100 262 249 213 449 -228 -292 -28 -206 -361 -282 -245 -12 -286 -417 132 -370 42 -19 -206 53 145 -49 111 -446 -180 -42 196 -287 166 -483 -287 -417 -423 333 267 -304 -353 424 201 106 -152 133 -104 -311 -191 320 186 152 -447 -458 -217 -422 366 442 -313 -176 -115 54 -247 -165 -137 111 188 -388 -244 -111 -23 -431 -317 -74 140 -296 96 301 -322 331 -349 496 441 -98 298 139 -353 -221 145 331 -265 17 437 -322 350 190 298 106 278 417 -308 122 -55 -39 421 428 -276 -222 -90 326 -58 -37 138 90 193 36 407 -478 115 149 471 -428 302 296 404 345 245 -397 24 -273 -120 -170 -13 -148 -242 323 -137 443 -385 99 -38 -62 86 54 -324 -450 185 -304 263 -27 29 -473 157 142 -435 -346 -495 -45 330 240 22 339 177 364 57 -237 22 -130 362 404 364 -483 395 257 -482 -150 -458 -214 -464 -167 289 238 -42 -138 9 461 305 -52 -9 -193 281 102 -51 135 -391 205 -333 46 287 18 476 -37 358 262 -488 370 209 -172 416 -379 -173 -473 33 215 360 -105 -144 463 244 300 -251 -236 -283 4 -432 -166 -139 59 -261 -130 114 -113 297 -184 322 -466 -29 468 -13 -151 -190 -193 -386 -380 -172 23 -466 -56 38 82 -127 488 181 -315 -480 -300 -101 -41 3 -275 -10 -355 72 -395 253 352 -218 63 73 -214 -147 -156 187 -169 -469 -441 124 -100 -43 261 -260 115 -254 57 -58 -114 -105 56 257 289 -172 -91 -409 -236 -32 12 -112 -118
385
-80 107 -350 -312 465 -300 -347 69 266 -494 -132 337 405 143 304 190 21 56 231 295 -80 464 -335 -126 -357 -191 12 -455 -306 -12 368 -125 418 446 90 129 481 -92 170 -191 -393 -327 -31 -59 124 385 154 443 -207 -74 -119 -207 -206 29 156 -464 378 -354 -131 158 -264 120 246 -246 -397 123 -484 -33 -213 -480 -212 415 286 -179 232 -393 -38 381 465 156 -11 -323 114 -151 393 -351 122 -59 95 -118 -51 208 19 476 -215 -111 70 -182 -394 -166 432 -336 46 -133 94 82 124 144 498 242 -149 129 30 69 -66 -38 -62 -312 -159 -310 -336 -242 -334 458 276 110 -5 42 164 207 -87 123 146 33 454 407 -289 -421 -356 -222 -443 -22 372 203 -436 360 -350 454 -73 -337 101 -252 -331 -390 -496 -142 -47 -414 399 62 227 389 -170 5 -261 -119 -135 -32 -421 -76 -364 286 -186 203 218 417 123 -286 -170 183 173 -196 -50 -229 -237 -40 96 -280 -210 26 106 -156 45 120 -59 -326 196 389 -246 404 -97 -358 -370 -327 301 63 71 288 222 -290 141 289 -21 352 216 278 332 -97 -394 -67 -219 244 -309 -497 -347 176 444 -23 8 364 -473 212 -184 -152 161 87 452 -393 394 421 -345 -65 -16 338 235 -103 -132 -4 -75 -204 -493 31 -99 77 497 8 -445 0 -57 408 -493 -370 -461 343 260 406 34 66 -237 -404 386 16 69 -204 221 -495 -427 356 345 -10 -19 -209 -140 -251 -187 412 474 283 481 -237 -221 451 433 -169 419 -312 -217 80 331 -213 443 -181 -137 275 35 -254 41 71 218 -309 42 22 -4 -380 -265 -486 -35 21 -401 -277 -282 -193 -483 297 -329 -440 -435 147 8 -77 162 257 123 155 483 -206 -53 450 -23 372 347 -74 346 388 82 250 -149 300 -309 265 332 41 380 -318 29 402 -469 395 -453 58 -214 30 -435 43 327 139 353 -3 -64 -426 -446 -116 105 -177 346 247 194 83 -199 -495 -84 -266 117 -470 203
