5
7 91
1 5 5 4 0
1 1 4 3 1
1 5 4 3 1
1 6 3 5 0
2 3 1 2 0
2 2 5 1 1
2 4 5 3 0
3 2 1 1 0
3 4 1 2 1
4 1 2 3 0
4 7 1 4 0
4 4 3 5 0
5 7 3 1 0
6 1 4 3 1
6 5 2 1 1
7 5 2 2 1
9 6 5 1 0
9 5 2 2 0
9 4 5 1 0
14 7 4 5 0
15 3 2 5 1
15 3 1 3 1
17 4 4 4 1
17 6 2 2 1
18 5 5 4 0
18 2 2 5 0
18 2 3 1 0
20 2 5 2 1
21 6 3 3 1
21 7 5 3 0
21 1 3 2 0
23 1 2 3 0
24 6 1 2 0
25 2 5 5 0
26 1 3 1 0
28 3 5 3 1
29 4 1 4 1
34 7 2 2 0
36 5 4 2 0
37 1 2 1 0
38 7 5 2 1
39 2 1 2 1
39 2 2 3 0
41 5 3 4 1
45 2 5 4 1
46 2 4 3 1
48 7 3 1 1
48 3 1 5 0
49 4 3 4 0
50 6 3 2 1
52 6 2 3 1
52 5 1 2 1
54 2 2 2 0
57 5 3 1 1
58 7 4 5 0
60 6 3 1 0
60 7 1 3 0
60 3 4 3 0
61 5 2 4 0
62 1 4 3 1
62 1 4 2 0
63 2 4 2 1
63 1 5 4 1
64 7 1 4 1
65 5 4 1 1
66 6 3 3 0
70 7 3 2 1
70 5 4 3 0
70 7 2 4 0
71 4 5 4 0
73 5 4 5 1
74 7 4 5 0
74 3 4 3 1
76 4 5 3 0
78 6 2 1 1
82 3 4 4 0
83 1 4 1 0
85 5 1 4 1
86 6 2 3 0
87 4 5 2 0
88 4 4 2 1
88 4 5 3 1
90 7 1 2 1
91 5 1 1 0
91 7 2 4 1
91 2 5 1 1
93 2 5 1 1
97 3 4 1 1
97 4 3 1 0
99 4 1 4 0
99 6 4 2 1
5 85
1 3 5 1 1
4 5 5 3 0
4 2 1 5 0
4 2 1 3 1
6 1 4 3 0
7 3 5 2 0
8 5 3 5 1
8 1 4 1 0
8 1 3 3 0
9 1 2 3 1
9 4 4 1 0
12 1 3 4 1
15 4 1 5 1
17 3 3 3 0
18 3 2 4 0
18 3 3 4 0
19 4 4 5 0
20 1 3 5 0
21 5 3 4 0
21 1 3 4 0
21 3 4 5 1
21 5 4 1 0
22 1 3 1 1
24 5 4 1 0
24 2 1 4 0
26 1 2 5 1
28 3 3 4 0
29 2 3 2 0
32 3 3 2 0
32 5 2 2 1
34 3 1 3 1
35 5 4 3 0
37 2 2 3 0
37 4 4 3 0
38 3 3 3 1
38 1 4 3 1
38 2 1 5 0
38 3 1 2 1
41 2 1 5 1
41 3 4 3 1
41 5 1 5 0
45 4 3 2 1
46 2 2 5 1
47 2 5 3 0
47 1 2 2 0
48 1 3 5 0
48 2 1 1 0
52 3 4 1 0
53 1 2 4 0
55 4 5 2 0
60 5 3 1 0
60 3 4 3 0
61 3 3 5 1
63 2 1 4 1
64 4 3 1 1
69 5 3 4 1
71 5 5 2 1
71 3 5 5 0
71 5 3 1 1
72 3 1 1 1
72 5 3 1 1
73 1 5 4 1
74 4 3 3 1
75 5 3 1 1
79 1 4 3 1
81 3 5 4 0
83 5 2 5 1
84 1 4 4 0
85 5 3 1 1
85 1 2 3 1
85 4 4 4 1
85 5 5 1 0
85 5 5 5 0
86 5 5 3 1
88 2 4 1 1
88 2 5 1 0
89 4 2 3 0
89 3 5 2 1
93 5 3 4 1
94 1 5 5 1
95 2 3 2 1
95 5 5 1 1
97 1 5 1 0
98 4 5 3 1
98 1 2 3 1
9 78
1 1 5 4 0
3 2 5 2 1
4 1 2 4 0
5 4 2 2 1
7 7 2 2 1
7 2 1 2 1
7 6 1 3 0
11 9 2 2 0
11 3 2 2 0
12 9 5 4 1
13 5 4 1 1
14 9 2 3 0
14 4 2 1 0
15 8 5 1 0
18 7 2 2 0
23 5 4 4 1
24 4 3 5 1
24 6 2 3 0
24 7 4 5 0
25 9 3 3 0
27 6 5 1 1
27 1 5 3 0
33 7 3 4 1
33 4 5 4 0
33 2 5 1 0
34 9 4 5 0
39 4 5 3 1
39 4 4 1 0
39 8 3 3 0
39 7 5 4 1
41 6 2 1 0
43 9 1 4 1
43 2 2 4 0
44 6 2 3 1
45 5 3 4 0
46 1 4 1 1
49 1 1 2 1
50 5 1 4 1
50 9 3 1 0
50 4 2 4 1
51 7 2 4 1
55 2 3 2 0
61 6 3 4 1
61 4 2 5 0
62 7 3 4 1
64 9 2 1 1
64 1 3 2 1
65 1 4 2 1
65 2 4 5 0
65 2 5 3 0
69 1 1 5 1
71 4 1 4 0
72 2 5 1 1
74 8 3 4 1
74 4 4 3 0
74 9 4 2 0
75 8 4 3 1
75 9 5 2 0
76 2 3 4 1
81 6 2 2 0
81 5 4 3 1
81 3 4 5 0
82 3 1 5 0
83 7 2 5 0
84 9 2 3 0
86 2 1 1 1
87 2 4 5 0
87 7 3 2 1
87 8 5 5 1
89 7 4 2 0
90 8 4 4 0
90 9 1 4 0
92 3 3 5 0
93 7 3 4 1
94 5 3 1 0
96 7 2 1 0
97 1 3 2 0
98 6 4 3 1
9 67
11 7 5 3 0
12 1 5 5 0
13 8 5 5 1
14 5 2 3 1
15 3 2 1 0
16 5 1 3 1
16 3 2 3 1
19 9 1 1 1
20 8 2 5 1
20 6 1 5 0
22 8 3 1 1
26 7 1 4 0
26 8 3 2 1
26 8 4 1 0
27 7 2 3 0
28 1 3 4 1
30 8 2 5 0
32 3 2 5 1
33 9 3 1 1
35 6 5 4 0
35 1 5 2 1
38 7 2 5 1
40 9 3 1 0
41 4 3 5 1
42 9 3 1 0
42 8 5 4 0
47 2 1 1 0
49 5 4 4 1
51 1 2 4 1
52 4 5 5 0
52 1 5 5 0
53 9 3 3 1
55 4 4 5 0
55 6 1 2 0
56 6 1 1 0
62 6 4 5 1
65 4 1 3 1
66 9 2 1 0
72 7 5 4 0
73 1 4 4 1
75 6 2 5 0
76 8 4 1 1
77 7 4 2 0
80 5 4 4 1
81 3 4 2 0
82 7 5 3 1
87 6 1 2 1
87 4 5 3 0
87 7 4 5 0
87 8 4 2 0
88 9 1 4 0
88 7 2 3 1
88 6 4 1 1
89 1 4 4 0
90 3 1 5 0
93 3 1 3 0
93 2 4 1 0
94 5 2 3 1
94 3 2 3 0
95 2 5 3 1
96 9 1 1 0
97 6 5 3 0
98 6 5 5 0
100 3 1 2 1
100 5 2 3 0
100 3 4 2 0
100 8 3 3 0
10 69
1 7 4 5 0
6 4 2 1 1
9 10 3 2 0
12 9 5 5 0
13 1 2 4 1
14 9 3 2 1
17 9 5 3 0
18 2 3 5 0
18 8 3 2 0
22 8 1 2 0
23 8 5 2 1
24 10 5 3 0
27 5 2 2 1
29 4 5 3 1
30 9 5 2 0
30 2 3 2 0
32 7 5 2 0
33 5 2 4 1
34 3 5 3 1
35 1 5 1 0
36 3 4 5 1
36 1 2 1 0
38 6 1 4 0
38 4 4 5 1
38 5 4 2 1
39 6 1 3 0
39 4 2 4 0
39 1 5 3 0
40 1 4 2 0
41 9 2 5 0
42 4 2 4 1
42 8 3 1 0
42 1 3 1 0
43 8 2 2 1
44 6 5 3 1
47 9 3 2 1
59 6 2 5 1
60 4 3 2 0
60 2 3 1 0
62 2 1 3 1
62 5 5 1 0
63 10 1 3 0
65 4 3 3 0
65 10 2 3 0
69 1 3 3 0
70 6 2 3 0
70 1 3 4 1
70 8 1 2 0
72 5 3 3 0
74 4 2 1 1
75 7 4 3 1
78 3 2 4 0
79 2 3 2 1
79 1 3 5 0
81 7 4 4 1
86 5 1 2 0
86 8 4 2 0
86 4 5 2 0
87 7 1 3 0
87 4 5 3 1
88 9 3 2 0
91 6 2 4 1
91 1 3 2 0
93 5 2 1 0
94 8 4 2 0
95 9 3 5 0
97 8 2 1 1
97 8 2 1 1
100 4 4 4 1
