5
10 51
2 7 5 2 1
3 8 3 3 1
10 6 3 1 0
12 9 5 1 1
14 1 5 2 1
15 9 4 4 0
15 4 4 5 1
17 8 5 2 0
20 6 1 5 0
21 6 4 3 1
24 9 3 2 1
24 3 3 1 0
27 3 2 2 0
29 5 3 4 1
31 4 1 1 1
32 4 1 4 1
33 3 5 5 1
33 2 5 4 1
36 1 1 3 1
38 4 1 2 1
40 4 2 1 1
42 4 4 4 1
42 10 2 1 0
45 4 2 3 1
46 5 1 1 1
46 10 1 5 1
50 2 3 2 0
55 7 3 3 1
55 3 1 2 0
55 4 4 2 1
63 2 4 2 1
67 2 5 5 1
70 4 1 4 1
70 4 3 1 0
73 10 2 5 0
73 9 2 4 0
74 6 3 3 0
75 1 4 5 1
76 5 3 4 1
78 9 3 3 0
87 4 4 4 1
87 6 3 5 1
88 6 5 2 1
88 10 2 1 0
90 4 1 1 0
91 4 1 4 1
92 2 3 3 0
93 3 4 5 1
95 3 1 3 0
99 8 5 1 1
100 2 5 2 1
8 72
1 5 5 5 1
1 7 2 1 0
3 1 4 1 1
3 3 2 2 0
6 7 2 2 0
7 5 1 5 0
8 3 2 2 1
8 7 3 3 1
10 6 5 3 1
11 1 3 3 1
11 8 5 2 1
14 3 1 5 0
14 6 3 5 0
14 4 4 5 0
23 5 5 4 1
24 3 5 3 0
26 5 5 1 1
29 5 1 4 1
31 7 5 5 0
34 4 3 5 1
34 8 2 3 0
35 5 2 4 1
38 1 2 4 0
38 1 4 2 1
40 1 5 1 1
40 5 2 5 1
40 5 3 3 1
44 2 5 4 1
44 1 1 2 1
44 3 3 4 1
45 2 4 5 1
50 2 2 5 1
50 3 5 2 0
51 5 2 1 0
51 1 4 1 0
53 8 2 2 0
53 1 3 4 1
53 8 1 3 0
54 2 3 4 1
55 1 4 3 1
56 6 4 3 0
60 5 3 3 0
61 4 4 1 1
62 8 4 2 1
62 5 1 4 0
63 1 5 3 0
63 1 5 4 1
63 4 2 3 1
64 7 2 4 1
66 4 1 1 0
74 2 3 1 0
75 2 4 3 0
76 1 3 2 1
78 1 5 3 0
80 2 2 2 0
81 4 5 2 0
81 8 1 4 0
81 2 4 1 0
82 3 1 4 0
84 2 4 2 0
84 7 3 2 1
87 2 1 5 0
87 7 1 4 0
88 6 4 5 1
92 5 1 2 1
93 4 1 3 1
94 4 4 4 0
94 4 3 2 0
95 4 3 1 1
95 4 3 3 0
96 3 1 1 0
99 5 1 5 1
5 76
1 3 4 4 0
1 3 4 1 0
1 4 1 5 1
4 3 2 2 1
7 1 5 2 0
8 5 2 3 1
11 2 4 5 0
11 5 2 4 0
13 2 2 3 0
13 2 3 1 1
14 4 5 2 1
17 4 4 1 1
17 2 5 5 1
19 1 1 4 0
19 5 1 5 0
20 1 4 2 1
20 4 4 5 1
21 3 4 2 1
23 2 5 4 1
23 4 3 2 1
29 2 5 3 1
30 5 5 5 0
31 5 2 5 1
32 1 2 3 0
33 3 1 2 1
35 2 3 2 0
35 2 4 3 1
35 1 5 4 0
37 1 5 1 0
38 1 1 5 0
39 2 2 4 0
42 4 5 1 0
42 2 4 5 0
43 2 1 4 1
44 4 1 3 0
46 3 1 4 1
47 1 2 3 0
48 2 1 1 0
48 5 4 1 0
52 3 2 5 0
55 2 4 4 1
58 3 2 2 1
60 4 3 5 1
60 2 3 4 1
61 5 5 1 1
62 5 1 3 0
62 4 5 2 0
65 4 1 4 1
65 2 1 5 0
66 4 4 5 0
67 4 2 5 0
68 3 4 5 1
70 1 1 5 1
71 3 3 1 0
72 2 5 1 0
73 4 1 4 1
75 4 1 1 1
75 3 2 1 1
76 4 3 4 1
76 3 5 1 0
80 3 5 2 1
82 3 3 3 0
84 3 3 3 0
86 2 5 4 0
86 5 1 5 1
88 2 2 2 0
90 1 5 2 1
91 2 1 5 0
91 1 4 2 0
91 4 2 2 0
93 4 4 4 0
95 2 4 4 0
97 4 5 4 1
99 4 4 2 1
99 3 1 1 1
99 5 2 2 1
9 59
1 6 4 1 1
2 6 2 1 1
2 8 4 4 1
3 6 1 3 1
5 2 1 1 1
6 6 4 2 1
7 7 2 5 1
7 3 3 3 1
8 9 2 2 1
8 9 5 3 0
9 3 4 3 0
9 6 2 2 1
12 8 2 1 0
13 8 1 1 1
13 8 5 3 1
17 7 4 2 1
17 9 1 3 1
21 3 2 1 0
21 9 4 2 1
21 5 3 4 0
23 2 1 1 0
25 5 1 3 1
26 9 1 3 0
27 2 4 2 1
31 4 2 5 1
34 4 4 1 1
39 1 3 2 0
40 2 1 3 0
41 9 5 5 0
47 4 5 5 0
49 6 4 3 1
51 2 5 5 0
54 9 4 4 1
57 1 4 2 0
58 4 3 5 0
59 6 2 4 0
60 3 4 5 0
61 1 4 1 0
64 5 5 5 1
65 9 3 3 0
66 3 2 1 1
68 9 3 5 0
69 6 2 2 1
71 1 4 3 0
72 3 2 5 1
73 4 4 1 1
74 8 3 2 1
76 3 4 1 0
77 6 2 5 1
77 7 4 5 0
78 5 1 1 1
78 2 2 3 0
79 7 5 2 0
84 8 3 2 1
85 7 5 2 0
88 4 5 5 0
88 2 2 3 1
89 4 2 3 0
97 8 5 2 0
6 74
3 2 1 1 1
3 5 2 2 0
4 4 4 5 1
6 4 2 1 0
7 4 4 2 0
8 1 1 2 0
8 1 5 4 1
9 5 3 1 0
9 3 3 1 1
10 4 1 4 0
11 4 2 2 0
14 2 3 4 1
14 3 1 3 1
19 6 1 5 1
23 1 5 3 1
24 2 5 5 0
25 2 1 4 1
27 3 3 1 1
28 6 4 4 1
28 1 1 4 1
29 3 5 5 0
30 2 1 2 0
30 1 2 3 0
31 5 2 5 0
32 6 5 4 1
35 6 3 4 0
36 2 3 3 0
36 1 2 5 1
36 3 5 1 0
40 2 4 1 1
41 6 4 4 0
41 2 2 5 1
43 6 3 2 0
43 2 3 2 0
46 5 3 1 0
47 5 2 1 1
49 2 2 4 0
51 4 4 1 1
53 4 4 4 0
54 2 2 2 1
57 3 1 4 1
59 2 2 4 1
59 2 2 4 0
60 6 3 2 1
61 5 3 3 0
62 2 3 2 0
62 3 3 2 0
64 3 3 3 0
66 6 4 4 1
66 3 1 2 1
67 1 4 3 0
72 5 3 2 0
77 3 2 5 0
77 1 2 4 0
78 1 5 2 0
80 1 4 1 1
83 5 3 1 0
84 6 1 3 1
84 1 4 1 1
85 6 1 4 1
85 5 2 5 0
86 4 5 5 1
88 2 1 4 1
89 2 5 1 1
91 6 1 3 0
94 6 3 1 0
95 2 3 3 1
96 6 1 5 1
96 3 4 5 1
98 1 1 4 1
98 6 4 5 1
99 2 4 5 0
100 3 2 2 1
100 3 1 1 0
