10
62 960
1 40 3 3 1
1 15 1 1 0
1 39 3 2 0
2 53 1 2 0
3 28 5 2 1
5 33 1 2 1
5 6 1 4 1
5 52 2 3 1
5 3 1 1 1
6 51 5 3 1
6 27 1 3 0
7 47 4 3 1
9 55 1 1 1
9 41 1 1 0
12 42 3 5 0
12 44 1 1 0
12 54 4 2 1
13 6 4 3 1
14 37 2 1 1
14 50 4 4 1
15 7 4 2 1
16 40 4 5 0
16 48 3 2 1
17 3 1 1 0
17 50 5 4 0
18 49 2 3 0
18 44 5 3 0
19 34 1 5 0
21 26 1 4 0
23 15 2 3 0
23 7 2 5 1
24 48 5 5 0
25 43 4 2 1
25 4 2 1 0
28 49 3 2 0
29 36 5 2 1
29 8 2 3 1
29 44 3 2 1
33 47 2 3 1
34 6 2 3 1
34 34 3 5 0
35 50 3 2 0
36 18 1 5 1
38 31 3 5 1
39 48 4 1 0
40 43 1 5 1
41 55 4 4 1
42 27 3 5 0
43 24 1 2 1
45 57 4 5 1
46 60 5 1 1
46 13 5 4 0
46 21 2 2 0
52 51 5 5 1
52 4 2 3 0
52 40 5 2 0
54 30 3 5 0
54 24 3 3 1
55 45 2 4 0
57 61 3 3 0
58 19 1 1 1
58 1 3 3 0
60 58 4 5 1
60 23 4 5 1
61 61 4 3 1
62 21 5 5 0
65 41 5 5 1
65 54 4 2 1
65 46 4 4 0
66 43 4 5 0
66 3 5 2 0
67 2 2 4 1
67 21 3 5 1
69 51 4 3 1
69 45 1 5 0
69 32 1 3 0
71 51 3 4 1
72 13 2 2 1
73 3 4 1 1
73 44 2 1 0
74 23 1 5 1
74 37 3 3 0
76 10 2 3 1
76 58 1 5 0
76 2 3 1 1
77 47 5 1 1
78 19 3 1 0
78 6 4 1 1
80 32 5 3 0
82 32 2 3 0
83 28 4 3 1
84 47 5 4 1
84 48 1 2 0
85 21 1 2 1
85 19 5 5 1
87 22 4 3 0
87 24 1 2 0
88 11 5 2 1
90 7 5 2 1
90 35 5 2 1
91 28 3 5 1
92 3 1 4 1
92 40 3 3 0
92 19 1 3 0
93 9 3 2 0
93 27 5 2 1
93 13 2 1 1
95 1 5 4 1
96 55 1 2 0
98 36 1 3 1
101 39 5 3 0
102 7 3 4 1
102 30 4 5 1
104 45 4 4 1
107 62 5 4 1
107 24 5 3 0
108 16 3 4 1
109 60 5 4 0
109 24 2 2 0
109 3 2 3 1
111 50 1 5 1
114 23 1 1 1
117 45 5 2 0
117 7 2 3 1
118 33 4 2 1
118 58 5 2 0
119 58 4 4 1
120 21 1 4 1
120 38 3 5 0
124 25 1 4 0
130 25 3 3 0
130 7 3 2 1
133 31 2 2 1
137 16 2 4 1
137 22 4 2 0
137 56 3 4 0
137 47 2 3 0
138 16 3 4 1
139 58 5 4 1
139 18 1 2 0
139 7 2 3 0
141 58 2 5 1
141 47 1 2 0
141 19 2 5 1
144 36 2 1 0
146 49 4 1 1
146 32 3 1 1
147 8 1 4 0
148 39 4 5 1
150 46 1 2 1
151 55 2 4 1
151 20 3 5 0
151 62 5 4 1
152 31 1 4 0
153 58 5 2 0
153 21 3 5 1
153 10 5 1 1
153 43 3 4 0
155 47 4 2 1
155 35 5 5 0
156 46 3 1 1
157 21 2 3 0
159 14 1 3 0
159 2 3 1 1
160 25 4 2 1
160 22 5 5 0
160 9 4 3 1
160 5 5 3 0
160 50 4 4 0
165 30 3 1 0
165 2 5 1 0
165 48 1 4 0
165 44 5 5 1
167 6 2 5 0
171 38 3 2 1
171 11 1 4 0
171 52 4 1 1
172 9 5 3 1
172 54 3 1 0
172 35 4 1 1
174 51 3 5 1
174 1 2 1 0
175 45 1 4 1
175 34 5 1 0
176 47 2 4 1
178 14 5 3 1
178 48 3 4 0
179 5 3 3 1
180 21 1 1 1
180 9 5 2 0
182 25 3 1 1
182 3 3 5 1
185 53 5 4 0
186 50 5 4 0
187 13 3 1 1
188 20 1 4 1
190 16 1 2 0
190 54 3 4 1
192 38 4 4 1
193 53 5 2 0
194 58 2 2 1
196 21 4 3 1
196 44 3 3 1
199 37 3 2 1
204 34 5 5 0
205 61 5 1 0
205 20 5 2 1
205 9 4 1 1
206 19 4 1 0
209 23 1 3 0
210 15 2 5 1
212 5 2 2 0
212 37 1 2 0
212 39 4 2 0
214 17 3 4 0
217 47 5 2 0
218 52 4 4 0
218 27 1 3 1
220 57 3 2 1
220 36 3 4 0
222 6 2 2 1
224 47 2 4 0
224 52 4 5 0
225 4 3 3 1
225 20 1 4 0
226 27 2 4 1
228 37 2 4 0
230 21 5 2 0
234 10 1 3 1
235 7 3 5 1
235 47 4 5 0
235 13 5 4 1
236 51 4 1 0
237 39 3 4 1
237 36 5 3 0
237 58 1 3 0
238 9 5 1 0
241 45 4 1 0
241 15 1 3 0
245 14 3 4 1
245 58 3 3 0
247 38 5 3 1
247 42 2 5 1
248 9 4 2 0
249 2 2 5 1
250 44 3 4 1
251 19 3 4 0
252 59 5 2 1
252 3 5 3 1
252 49 2 4 1
253 38 4 3 1
254 31 1 5 1
254 45 4 5 1
254 17 5 4 1
255 50 4 2 1
256 54 4 1 1
258 45 1 5 0
259 15 1 2 0
260 37 3 1 1
260 19 4 3 1
261 3 2 2 1
261 9 2 1 1
261 45 5 1 1
261 34 4 5 0
263 47 4 2 1
264 17 3 4 1
265 58 1 2 1
267 23 4 4 0
268 47 4 5 1
268 39 4 2 0
268 42 3 5 1
269 7 4 3 1
269 30 3 2 1
270 43 2 4 1
271 13 5 2 1
272 46 5 3 0
273 39 3 2 1
274 43 5 4 0
278 22 5 3 0
279 43 5 5 0
280 15 3 3 0
281 29 1 3 0
282 24 3 1 1
282 53 4 2 1
283 42 4 3 0
283 43 5 4 1
283 48 2 3 0
284 36 2 4 0
284 17 4 5 1
284 28 2 1 1
285 29 2 2 0
285 19 3 1 1
286 20 2 4 1
286 9 3 2 0
292 24 5 1 1
293 40 5 3 1
294 62 4 5 1
295 52 5 3 1
296 14 4 2 0
297 59 5 4 1
297 49 1 2 1
298 14 4 5 1
299 4 4 1 0
299 48 1 1 1
300 43 5 5 0
300 58 2 1 0
300 30 1 4 1
300 43 1 2 1
301 48 4 3 1
301 21 4 1 1
301 49 5 4 1
302 56 3 4 0
303 23 3 1 0
303 55 4 4 0
304 54 3 3 1
304 49 1 2 0
305 31 1 3 0
306 1 2 5 1
307 55 5 1 0
307 57 1 3 1
308 43 5 4 0
310 32 4 3 0
310 21 3 3 1
311 6 3 5 0
311 37 4 1 0
312 43 5 3 0
313 51 5 1 1
313 34 1 4 0
316 9 4 2 1
316 57 2 1 0
316 40 5 5 1
317 10 3 3 1
317 44 2 1 0
318 45 3 5 0
318 39 2 3 0
320 46 1 4 1
320 35 2 1 0
322 20 1 4 0
322 28 5 3 0
323 47 1 2 1
324 59 2 4 1
327 54 5 2 0
328 26 4 2 1
328 33 2 3 1
334 3 4 5 1
334 57 2 5 0
334 44 3 5 1
334 8 1 4 0
336 30 3 5 0
337 19 2 2 1
339 51 2 4 1
340 12 5 3 0
340 49 3 5 1
341 1 4 1 1
343 35 5 1 1
344 44 2 3 1
346 5 2 5 1
346 39 1 1 0
346 33 2 5 1
346 24 4 3 0
348 26 3 5 1
348 5 1 2 1
348 7 4 1 1
350 59 1 1 0
351 47 2 5 0
352 44 3 4 0
353 36 4 4 1
354 60 2 5 1
355 45 2 5 1
355 4 2 4 1
356 52 2 1 0
357 9 2 5 1
358 41 2 2 0
360 60 1 2 0
364 2 3 1 1
365 13 4 2 0
365 48 3 1 0
366 21 4 4 1
368 40 2 4 1
370 43 5 5 1
371 16 5 5 1
372 1 5 3 1
373 14 2 1 1
373 53 2 3 1
375 28 5 4 1
375 60 5 3 1
376 37 1 2 1
376 26 4 2 0
376 24 5 3 0
376 13 4 2 0
377 43 1 4 0
377 39 1 5 1
378 59 4 3 1
380 7 4 5 0
380 62 3 1 1
381 53 2 4 0
381 43 5 5 0
384 5 1 4 1
384 38 2 3 1
387 16 2 5 0
388 14 1 2 0
392 51 4 3 0
394 5 3 2 1
394 16 2 3 0
396 34 4 4 1
397 23 2 5 0
397 20 4 5 1
397 30 1 1 0
398 44 4 2 1
401 20 2 4 0
402 20 1 1 0
402 58 3 3 0
405 50 3 5 0
406 32 2 3 1
406 40 2 5 1
407 33 5 2 0
409 37 1 5 0
409 61 4 4 0
409 2 2 5 0
409 1 2 5 1
410 21 2 5 0
410 12 5 3 1
412 4 5 5 1
414 19 4 5 1
417 51 3 2 1
418 51 1 5 1
419 21 3 4 1
420 52 2 1 0
422 2 2 5 0
423 14 5 5 1
424 62 5 5 0
424 48 5 5 0
425 16 2 3 0
427 36 2 5 1
427 25 4 2 0
428 54 5 1 1
430 15 4 3 1
430 11 5 2 1
432 28 1 5 1
433 19 2 5 1
435 27 3 1 1
435 2 4 4 0
437 26 3 1 1
439 62 2 3 1
441 53 5 3 0
441 22 4 3 1
443 3 4 1 1
444 29 4 1 1
445 39 2 1 0
446 13 4 1 1
448 21 2 3 1
450 60 3 5 0
450 10 1 2 0
452 46 5 1 1
454 10 3 5 0
454 2 4 2 0
455 28 5 3 0
455 56 4 3 1
457 37 5 5 0
458 34 5 2 0
458 2 3 1 1
459 33 2 1 1
463 17 4 1 0
467 55 3 3 1
471 23 1 1 1
471 51 4 5 1
472 6 5 2 1
472 58 2 5 1
473 21 2 5 1
474 62 1 4 1
475 48 3 5 1
477 37 4 3 0
478 46 2 4 0
479 37 5 1 0
481 49 1 3 0
484 54 4 2 1
485 43 2 2 1
485 35 3 1 1
485 19 1 5 0
487 35 3 4 0
494 7 1 3 0
496 22 1 3 0
496 41 5 2 1
498 27 4 1 0
501 7 5 5 0
502 20 5 4 0
502 35 3 3 0
502 8 3 5 0
503 31 3 5 1
503 16 1 1 1
504 51 1 4 0
506 27 3 2 0
506 35 3 5 0
507 41 5 5 1
509 7 1 1 1
509 44 3 5 0
509 19 3 1 0
515 18 2 2 0
516 62 3 3 1
518 2 3 4 1
519 5 1 2 1
521 3 1 5 0
526 60 1 3 1
526 52 5 4 1
527 8 4 2 0
529 20 4 3 0
530 7 1 5 0
531 22 4 3 1
533 58 2 1 1
533 11 1 1 0
533 50 4 2 1
533 22 1 4 1
534 55 4 1 1
534 41 4 2 1
535 26 2 1 1
540 35 5 5 0
541 22 5 4 1
542 24 2 2 1
548 35 4 3 1
548 56 5 1 0
548 15 1 5 1
549 24 5 5 1
550 50 3 5 1
550 39 5 3 0
551 9 5 1 1
552 56 5 3 1
552 29 5 3 1
555 35 5 2 0
556 40 1 3 1
557 29 4 3 1
557 54 3 3 1
557 13 5 3 0
558 37 5 2 0
559 4 3 2 0
560 12 3 3 1
560 25 4 1 1
561 49 1 1 1
561 52 1 2 1
562 25 4 5 0
562 27 5 4 1
563 2 2 3 1
563 26 2 3 0
565 55 2 3 0
566 4 2 2 0
566 8 4 4 0
566 21 3 4 0
567 39 2 1 1
568 59 1 4 0
569 56 3 2 0
570 15 3 3 0
570 40 5 2 1
572 7 4 1 0
574 8 1 4 1
576 36 2 2 1
577 61 3 1 1
578 14 3 3 0
578 6 1 1 1
579 16 3 4 1
581 61 4 3 1
581 54 3 5 1
583 51 3 5 0
584 59 4 4 0
584 4 4 5 0
585 34 2 1 1
585 43 2 1 0
586 3 3 2 1
586 2 3 3 0
586 41 1 1 0
587 57 3 2 1
589 57 4 3 1
589 35 1 3 0
590 33 1 5 1
591 19 3 4 1
591 19 1 5 0
592 56 2 5 1
594 41 5 3 1
595 34 5 2 1
595 51 1 2 1
596 24 4 2 0
597 23 4 4 0
597 9 1 4 0
598 38 2 5 0
602 37 4 4 1
605 9 5 4 0
605 54 4 2 0
606 10 2 2 1
608 54 2 3 1
609 43 3 1 0
609 48 2 5 0
611 20 1 3 1
612 2 4 3 0
615 49 4 4 1
616 49 3 2 1
617 4 1 3 0
618 28 1 1 0
618 49 2 2 1
618 15 4 4 0
618 18 1 2 1
619 49 1 4 1
619 23 4 3 0
621 54 4 5 0
621 60 2 5 0
621 42 5 1 1
622 56 1 2 0
624 11 5 2 0
624 29 2 4 1
624 62 5 2 0
625 40 2 5 1
626 38 3 5 0
626 3 1 3 1
627 61 2 5 1
628 24 3 1 1
628 11 2 4 1
629 13 2 3 0
630 5 2 2 1
630 44 2 1 1
630 9 4 2 0
633 47 4 1 1
635 23 3 2 1
635 9 1 1 0
638 32 2 4 1
640 30 5 4 1
641 32 3 2 1
642 38 2 1 0
642 56 2 3 0
645 13 3 3 0
646 13 3 3 1
647 10 5 5 0
647 51 1 4 1
648 26 3 2 0
648 21 3 3 1
649 62 3 5 1
650 41 4 2 1
653 1 3 5 0
654 25 1 2 1
654 31 1 1 1
655 59 5 4 0
655 45 2 4 0
655 62 2 5 0
655 56 4 4 0
657 61 3 4 0
659 56 4 1 1
659 19 2 4 1
660 22 5 2 1
661 61 3 1 1
662 51 4 5 1
663 26 3 4 1
663 22 5 4 1
663 50 1 5 1
664 33 3 2 1
666 61 2 5 0
668 13 2 2 1
669 50 3 5 1
670 7 2 5 1
671 21 4 4 1
672 24 2 2 1
673 20 3 2 0
674 13 5 4 1
675 1 1 3 0
676 16 3 1 1
678 13 5 3 1
678 36 2 1 0
678 12 1 5 0
679 58 2 4 0
681 53 4 1 0
681 30 4 2 1
682 23 1 5 1
682 43 4 3 1
683 9 2 5 0
684 36 3 4 0
685 55 1 5 0
685 30 4 4 0
686 48 5 3 0
688 18 5 1 0
688 10 5 4 1
689 33 4 1 0
690 46 3 1 1
691 27 1 3 0
692 25 4 3 1
698 32 3 5 1
698 36 5 1 0
698 7 4 3 0
699 60 4 3 0
699 47 5 4 1
699 31 5 1 0
701 59 2 1 0
702 10 1 4 0
702 39 4 5 1
702 18 4 4 1
703 2 2 5 0
704 12 1 4 1
706 11 5 4 0
710 35 3 5 1
711 19 5 2 1
712 55 1 5 0
712 51 3 5 0
713 50 5 3 0
714 4 1 4 1
719 19 1 4 1
719 20 5 3 0
720 10 2 3 1
721 38 4 1 1
724 12 2 3 0
724 9 5 2 0
725 57 1 2 0
726 51 1 2 0
727 11 5 4 1
728 12 2 1 0
731 4 1 4 0
733 4 1 4 1
734 53 1 5 1
735 44 5 3 1
735 59 5 3 1
735 5 5 5 1
736 25 3 3 0
738 51 4 5 1
738 46 2 2 1
739 41 2 5 1
739 51 4 5 0
740 28 3 5 0
742 1 1 5 1
742 3 3 3 1
743 52 3 3 0
744 36 1 2 1
746 57 1 3 0
746 14 3 2 0
746 32 1 2 0
747 18 5 3 0
748 33 5 5 1
749 62 5 2 1
749 13 3 4 0
749 5 1 2 1
749 16 1 4 1
750 27 4 5 1
750 17 2 1 1
750 52 4 2 1
751 18 2 5 0
751 21 3 1 1
751 42 5 2 1
751 48 3 1 0
752 20 5 5 1
753 33 2 2 1
756 60 5 2 1
758 12 2 5 1
759 26 3 2 1
761 62 1 4 1
763 16 1 5 1
763 32 5 1 1
763 34 5 1 1
764 33 4 1 1
764 27 3 4 0
766 29 4 1 1
767 40 2 4 0
768 35 5 2 1
769 49 1 3 0
770 32 3 1 1
772 40 5 5 0
772 3 3 1 0
772 40 1 5 1
772 11 2 5 1
773 56 3 4 0
773 5 1 5 0
775 62 2 3 0
775 51 3 3 0
777 28 1 3 0
777 60 4 3 0
780 51 1 1 0
782 39 2 1 0
782 37 4 1 0
785 3 1 5 1
786 40 4 1 0
786 8 2 4 0
788 9 5 3 1
789 39 5 3 1
790 11 5 5 0
793 42 3 4 0
795 42 4 4 0
796 35 4 5 1
796 9 5 5 1
797 21 3 4 0
797 51 5 2 1
798 18 4 4 1
801 59 5 3 1
802 53 1 4 0
804 38 3 3 0
804 37 2 5 0
806 29 3 2 1
806 25 1 5 1
806 27 1 3 0
808 35 5 1 0
809 22 3 3 0
810 42 5 3 1
811 37 5 4 0
817 34 5 1 0
818 48 2 1 1
819 27 5 2 0
820 34 5 2 1
821 32 3 3 1
822 58 4 5 1
822 11 1 2 1
823 51 4 1 0
824 53 1 3 0
825 45 4 5 0
825 31 2 5 0
827 31 1 2 1
827 56 3 2 0
828 44 1 4 0
829 38 2 3 1
830 45 4 4 0
830 34 1 4 0
832 11 1 3 1
834 22 2 3 1
835 51 5 3 0
836 49 2 4 0
837 60 5 5 0
837 30 4 2 1
838 8 5 3 0
838 28 4 5 0
842 30 2 2 1
842 23 2 4 0
842 62 4 4 1
842 35 5 2 1
843 18 3 5 1
846 3 2 1 0
848 52 1 5 1
849 14 2 2 1
849 6 3 2 0
849 33 1 4 1
850 49 1 3 0
850 20 3 2 0
851 10 4 4 1
851 25 3 3 0
852 3 5 1 1
853 19 5 1 0
856 24 3 1 1
856 1 1 5 0
856 43 3 4 0
856 50 1 2 1
857 24 3 2 0
857 38 3 4 1
858 36 1 4 0
859 23 4 3 0
859 1 1 4 0
860 6 3 1 0
860 6 5 2 0
861 13 2 4 1
861 25 4 3 1
861 59 1 2 1
862 57 1 4 1
866 19 5 2 1
867 62 4 4 0
867 16 2 4 1
867 8 1 3 1
870 51 2 4 0
871 57 4 4 1
871 56 3 4 0
873 33 5 4 0
874 52 3 5 1
877 28 5 1 1
880 53 5 5 0
880 54 2 4 1
881 60 3 2 1
882 15 3 3 0
883 62 2 2 0
886 23 3 5 1
888 32 2 1 0
891 15 1 4 0
893 61 3 1 1
894 62 1 2 1
896 20 3 3 1
898 18 3 4 0
899 26 2 3 0
901 59 4 3 1
901 60 4 2 1
902 17 1 5 0
903 4 1 2 1
904 48 5 1 0
906 24 5 5 1
907 43 3 1 0
908 15 4 1 1
909 56 4 2 0
911 4 4 4 1
911 32 5 3 0
911 24 3 4 1
915 53 1 1 0
918 10 5 1 0
918 33 4 2 0
919 51 5 2 0
919 47 4 3 1
920 25 2 3 1
921 42 3 5 0
921 39 1 4 0
921 47 4 3 1
923 27 4 4 1
925 56 3 4 0
926 17 5 2 1
930 11 2 2 0
931 59 1 2 1
931 17 2 5 1
932 22 4 1 0
933 23 1 3 0
934 61 5 4 0
935 27 2 2 0
936 1 4 3 0
939 35 2 3 0
940 20 2 1 0
940 1 5 3 0
943 1 5 2 0
948 17 3 4 0
950 46 5 3 0
950 62 5 5 1
951 51 5 5 1
952 33 1 3 1
952 9 3 2 0
952 43 4 2 1
954 41 1 3 0
954 6 2 2 0
954 30 2 4 1
956 27 1 4 0
958 3 4 3 0
959 25 2 5 1
960 23 5 2 0
962 4 3 5 1
963 57 4 2 0
964 20 5 5 0
964 12 2 2 1
964 51 4 1 1
965 31 3 3 0
967 33 5 5 0
967 34 4 4 1
968 32 2 5 0
971 49 2 5 1
971 61 4 3 0
972 5 4 1 0
973 31 3 3 0
973 52 2 1 1
976 9 4 3 0
977 18 1 4 0
978 53 1 3 0
978 38 4 5 1
978 50 1 3 1
979 17 4 1 0
981 60 3 5 0
985 2 3 3 0
988 46 3 3 1
989 17 5 4 1
989 62 4 3 0
989 5 1 5 0
992 14 3 3 0
993 26 5 5 1
994 57 2 4 1
994 35 1 4 1
995 25 3 4 1
995 20 1 4 1
996 24 2 3 1
996 14 3 4 1
998 14 2 1 0
998 49 1 3 1
999 24 2 1 0
1000 24 4 3 1
69 669
2 28 1 4 0
3 9 1 2 0
5 42 2 1 0
6 18 4 1 0
7 56 4 4 0
8 53 2 5 1
8 31 4 4 1
9 63 2 3 1
10 53 4 4 1
10 40 4 3 0
11 31 4 3 1
12 36 1 1 1
14 41 3 5 1
17 41 2 1 1
21 41 1 5 0
24 40 1 2 0
25 54 1 2 1
26 30 3 1 0
28 44 1 1 1
29 14 1 4 1
33 16 2 1 0
36 15 4 1 0
38 25 2 3 0
39 13 4 3 1
40 7 5 4 0
45 68 5 4 1
45 17 2 2 1
46 32 5 2 1
50 1 1 4 1
50 35 4 4 1
53 5 2 1 0
55 62 1 5 1
56 41 5 1 1
56 46 1 2 1
57 9 4 2 0
57 30 5 5 0
59 9 4 4 0
63 64 5 3 1
66 49 2 1 0
69 27 5 4 0
69 7 1 1 0
72 65 1 4 1
74 21 3 5 1
76 36 5 2 0
78 40 5 3 0
78 33 2 5 0
79 31 4 4 0
79 59 2 5 0
81 45 3 2 1
82 9 3 2 0
82 66 4 5 1
83 6 2 2 1
84 15 2 5 1
87 6 5 2 0
88 49 1 4 0
89 14 4 2 0
90 55 5 5 1
92 27 2 2 0
93 20 2 3 1
95 64 3 3 0
97 10 4 3 1
97 39 4 4 0
97 10 4 2 0
98 29 1 1 0
101 57 4 2 0
102 21 1 2 0
104 11 3 3 1
104 22 2 5 1
106 43 1 1 1
106 35 5 4 0
115 28 3 3 1
119 13 3 5 0
120 44 4 1 0
121 6 3 4 1
121 56 3 5 1
121 5 4 1 0
123 44 3 2 1
124 9 2 1 0
127 43 4 2 1
127 30 1 1 0
128 32 5 4 0
130 69 1 3 1
133 56 3 4 0
135 46 4 1 1
135 45 2 1 0
138 47 4 5 0
140 32 2 4 1
141 56 3 4 0
141 38 3 3 1
142 10 5 4 1
144 58 2 1 0
146 21 5 1 1
147 55 5 3 1
150 29 3 3 1
150 20 4 4 1
151 28 3 5 1
152 61 4 3 1
154 55 2 2 0
156 65 3 3 0
158 48 1 4 0
165 43 2 1 0
167 25 1 5 0
168 44 1 3 0
168 56 5 5 1
169 14 5 4 0
170 40 5 2 1
175 17 4 4 1
175 65 4 4 1
179 54 3 5 1
186 41 4 4 1
187 21 2 4 1
187 33 4 4 0
188 44 1 3 0
188 56 2 1 1
189 25 2 1 0
189 13 5 4 1
193 23 2 1 1
197 2 4 5 1
199 36 1 3 1
200 48 3 4 0
200 22 5 5 1
201 37 3 1 0
201 20 3 5 0
203 5 2 1 0
204 25 3 5 0
206 34 2 3 1
207 65 1 1 0
208 68 3 3 0
209 58 3 5 1
209 37 1 2 1
212 41 2 1 0
213 53 1 3 0
215 31 4 1 0
219 16 1 5 1
222 23 3 4 1
230 17 1 1 0
230 36 1 3 0
231 65 1 4 1
231 8 3 4 1
232 54 3 3 0
234 25 4 3 0
235 41 2 2 1
237 46 2 1 1
237 30 4 4 1
238 52 1 3 1
242 53 3 3 1
245 17 4 4 1
246 57 1 1 0
246 58 1 3 0
247 42 5 2 1
248 48 3 5 0
249 5 5 2 0
253 36 3 3 1
254 4 1 4 1
256 21 1 2 0
256 37 2 2 1
257 2 2 3 1
260 56 5 1 1
268 59 1 2 1
268 28 1 5 0
270 61 3 3 1
272 27 1 2 0
275 37 5 4 0
276 40 1 2 1
276 67 3 5 1
279 41 2 4 0
280 24 5 5 1
282 68 5 5 0
283 29 1 3 1
283 28 2 4 1
284 10 3 4 1
284 11 2 4 0
285 31 5 1 1
286 10 3 1 1
286 38 2 4 1
286 17 2 1 0
286 62 2 4 1
287 59 3 4 0
287 26 1 4 0
288 17 5 1 0
288 22 5 3 0
289 19 5 5 0
289 19 2 3 0
291 46 1 5 1
294 8 5 5 0
294 54 1 2 1
296 14 4 4 0
299 36 2 2 1
300 10 4 3 1
301 13 2 4 0
305 62 4 5 1
306 56 1 4 0
308 58 5 5 1
308 33 2 3 0
309 47 3 3 0
309 67 2 3 0
310 40 5 3 1
311 1 4 2 0
313 29 1 2 0
316 5 4 4 0
320 24 2 4 0
321 22 5 2 0
321 31 3 5 0
322 25 4 2 0
322 32 1 1 0
322 22 3 4 0
323 21 3 5 0
323 48 1 5 1
330 56 2 3 0
330 17 2 5 1
332 15 3 1 1
332 41 2 2 0
332 54 1 5 0
333 53 3 5 0
334 31 4 1 0
335 7 4 4 1
335 19 3 4 0
337 26 3 5 0
337 55 1 3 1
341 2 2 1 0
341 63 3 2 1
343 13 5 4 0
345 2 3 4 0
345 27 1 5 0
345 26 5 5 0
346 54 1 5 1
346 15 2 1 0
346 55 4 1 1
346 27 2 2 0
347 56 4 3 1
349 41 3 1 1
349 54 3 3 0
351 9 4 3 1
351 54 4 3 0
351 37 1 4 0
353 30 2 4 1
355 25 2 1 1
356 11 4 2 0
357 54 4 2 1
358 51 2 3 0
358 10 4 1 1
363 58 2 2 0
364 66 5 4 0
365 33 2 2 1
368 34 3 1 1
370 8 5 4 1
372 42 1 1 1
375 56 4 2 0
376 21 2 4 1
377 19 4 2 1
377 41 3 3 1
377 51 2 5 1
379 39 4 3 1
380 5 2 2 1
380 63 5 2 1
381 5 1 4 0
382 50 5 5 1
382 33 1 3 1
384 43 5 5 0
385 13 2 2 0
385 64 3 4 1
386 33 4 2 1
387 17 4 4 1
389 15 4 1 0
389 21 2 3 0
391 14 1 4 1
395 67 3 3 1
397 47 1 3 0
399 2 3 5 0
399 36 5 3 0
400 12 4 5 1
402 14 2 2 0
402 49 3 4 1
403 39 3 1 1
405 69 2 4 0
406 29 1 3 1
407 6 4 1 1
407 3 5 4 1
409 46 1 2 1
410 19 5 2 1
411 52 5 4 1
412 23 4 4 1
414 66 2 5 1
415 53 3 4 0
415 68 2 3 1
417 66 3 4 1
417 41 5 1 1
420 62 3 2 1
420 21 5 1 1
420 20 5 1 0
422 38 4 4 0
425 46 2 5 1
426 12 1 1 1
427 7 3 4 1
430 23 5 3 1
432 35 5 4 0
433 40 4 5 0
433 5 3 5 1
434 60 5 3 1
436 38 5 5 1
437 25 1 1 1
438 55 1 1 0
439 12 2 5 1
439 41 1 2 1
449 47 4 4 1
449 3 5 3 0
449 10 1 4 1
451 67 2 5 1
455 20 4 3 0
457 32 1 5 1
458 48 4 5 0
458 41 4 5 1
461 30 5 5 0
462 7 2 5 0
463 65 3 4 0
464 26 3 2 0
464 34 1 2 1
467 2 4 4 1
468 32 2 2 1
468 11 2 5 0
470 48 4 4 0
472 46 3 1 0
472 29 4 2 0
473 38 5 2 1
475 57 2 1 0
476 54 5 4 1
476 1 3 4 1
476 6 4 5 1
477 4 2 3 1
477 32 1 2 0
481 8 2 1 1
484 26 5 4 0
487 39 1 2 1
487 57 4 2 0
487 42 2 4 0
488 26 1 1 1
488 19 4 4 1
490 53 3 1 0
490 34 1 3 0
491 65 1 2 0
492 24 3 2 1
493 16 1 2 1
496 66 3 3 0
499 27 1 4 0
499 27 1 1 0
499 61 5 1 0
500 26 1 4 1
502 29 4 4 0
502 55 5 2 1
503 56 3 1 1
504 68 5 5 0
504 69 3 4 1
506 52 3 4 0
506 60 5 5 0
506 31 5 4 0
509 32 2 3 0
515 66 1 1 0
517 24 4 2 1
519 37 4 1 0
519 14 5 2 0
520 49 1 2 0
520 68 2 1 1
520 42 5 5 0
522 29 5 5 1
524 47 4 5 1
527 34 1 4 0
528 10 5 4 0
529 17 4 4 1
529 65 2 1 0
530 66 2 1 0
530 56 3 5 0
531 66 2 4 1
533 4 5 2 1
534 7 3 1 1
537 11 1 5 1
538 14 5 2 0
538 66 2 1 1
540 7 5 4 1
540 1 4 4 0
541 17 4 5 1
543 46 3 3 1
548 39 1 5 1
551 58 1 3 0
552 17 1 2 1
552 9 3 4 1
554 66 4 4 1
554 16 2 5 1
555 19 1 5 1
557 44 4 2 0
558 14 1 3 0
559 13 1 1 0
560 57 4 1 0
560 61 5 1 0
562 19 1 2 1
562 46 5 4 1
563 8 1 1 1
566 26 3 3 1
569 59 5 1 1
570 47 5 1 0
571 24 3 5 0
574 53 3 1 0
575 40 5 1 0
577 31 1 2 1
577 56 4 4 0
577 57 1 5 1
581 30 2 4 1
582 57 1 2 0
583 53 2 2 1
586 38 2 5 1
587 6 4 3 0
588 57 5 1 1
592 27 4 4 1
598 34 2 5 1
599 29 1 1 1
600 9 4 4 0
604 26 2 4 0
605 63 5 4 0
606 4 5 4 1
608 9 3 3 0
609 5 3 2 1
610 53 2 2 1
611 45 5 1 0
611 12 4 3 1
612 29 2 1 0
614 32 5 5 0
614 4 1 4 0
615 37 1 5 1
615 12 5 5 1
617 51 1 4 0
622 62 2 3 0
623 13 5 1 0
624 10 5 1 1
625 13 1 3 0
626 26 2 1 1
627 19 4 4 0
627 42 1 3 0
627 54 2 5 0
630 29 3 4 0
630 68 5 1 0
633 57 4 5 1
635 11 2 2 1
638 43 2 2 1
638 63 1 3 1
641 12 2 1 1
641 48 5 2 0
642 56 5 5 0
644 35 4 4 1
645 62 1 3 1
654 20 5 3 0
654 34 5 5 0
654 37 2 1 1
662 19 4 4 1
663 28 2 5 1
663 52 3 1 1
663 52 4 1 1
665 9 5 2 1
666 24 3 5 0
668 40 2 5 1
668 55 1 2 0
669 18 1 1 0
670 13 1 1 1
670 64 5 5 0
671 58 2 1 1
671 23 3 5 1
672 24 2 1 1
674 8 5 5 0
674 21 2 3 1
675 9 4 3 0
678 28 1 5 0
680 32 5 2 1
681 33 5 3 0
689 46 4 5 0
690 12 1 2 0
690 11 4 3 1
695 49 1 4 1
695 23 1 2 1
696 49 2 3 1
697 23 1 4 1
699 22 5 1 1
700 33 2 5 1
701 37 1 2 1
702 65 4 3 0
705 44 4 4 0
707 22 5 5 1
708 9 2 5 1
709 26 1 5 0
710 17 1 5 0
713 66 2 5 1
713 31 3 4 1
715 50 5 1 0
729 15 5 2 1
731 61 1 3 1
732 41 4 4 0
733 2 5 1 0
733 61 5 1 0
738 32 4 2 1
738 21 4 4 0
738 32 4 5 0
739 50 3 5 1
739 31 1 1 1
745 30 3 2 1
748 43 2 5 0
749 46 1 4 1
750 32 4 1 0
751 51 3 2 0
751 62 2 2 1
751 43 5 5 0
753 25 1 3 1
754 37 2 2 0
754 14 1 2 0
754 13 3 2 0
755 39 4 1 0
760 12 3 5 1
760 9 3 5 0
763 28 3 4 0
764 3 3 1 0
764 13 1 3 1
766 68 1 2 0
768 52 1 3 0
772 64 5 5 1
775 11 2 5 0
777 5 2 2 1
780 66 2 5 1
781 62 2 2 1
781 28 5 5 0
782 31 1 2 1
784 23 4 4 0
788 14 3 4 0
789 35 5 5 0
791 19 2 5 0
792 23 5 3 1
794 29 5 4 0
794 47 4 5 0
795 37 4 1 1
796 5 2 3 0
797 32 2 1 1
805 62 1 5 1
807 41 5 5 0
807 68 2 1 1
807 45 5 1 0
812 42 5 1 1
812 16 1 3 1
812 49 4 1 1
814 53 4 1 1
817 60 1 2 0
817 59 4 3 1
818 65 5 3 0
820 66 2 5 1
820 20 2 4 0
822 10 3 1 1
825 48 3 1 1
825 57 4 1 1
828 51 3 1 0
829 4 4 3 0
833 68 2 1 0
835 4 2 3 0
836 35 4 2 1
836 46 3 2 0
838 18 1 5 1
846 18 1 5 1
847 62 4 1 1
847 25 2 5 0
848 10 4 5 0
851 27 2 2 0
853 11 3 2 1
853 39 1 4 1
854 17 3 3 0
854 66 4 4 1
855 29 4 1 0
857 23 1 3 1
859 20 2 5 0
860 36 5 5 0
861 35 1 3 1
865 49 4 3 1
866 31 2 5 1
867 42 5 2 1
869 41 3 4 1
871 29 3 3 0
873 60 1 4 0
874 52 1 1 0
876 24 2 1 0
876 24 2 5 1
881 5 3 3 1
883 51 1 1 0
884 44 3 5 0
886 26 2 1 0
888 41 1 2 1
888 48 2 1 0
892 42 5 2 0
893 46 1 1 0
895 11 1 3 0
896 40 2 2 1
897 62 5 2 1
897 55 2 5 0
898 14 3 5 1
899 16 4 1 0
900 26 4 1 0
901 3 5 4 1
904 23 3 4 0
904 49 1 4 0
904 54 4 5 0
906 11 1 1 0
907 29 5 4 0
907 53 4 3 1
908 61 4 4 0
908 65 3 4 0
908 8 1 1 0
908 1 2 2 0
910 59 5 4 1
912 34 5 5 1
914 69 1 1 1
915 17 4 3 0
926 63 4 5 1
927 58 3 5 0
928 56 3 1 1
929 2 5 4 0
930 28 1 5 0
931 40 2 1 1
933 18 2 4 1
935 39 3 1 1
935 49 2 4 0
936 62 1 1 1
936 10 4 2 1
937 30 1 3 1
939 63 3 4 1
940 25 3 3 1
942 12 3 2 1
944 16 4 4 1
945 30 1 1 0
946 3 3 1 1
946 30 1 2 1
948 20 3 3 1
948 51 2 1 0
951 11 2 3 1
953 6 2 1 0
954 45 3 2 1
955 17 3 3 0
957 35 3 4 0
962 28 5 5 0
963 27 3 5 1
963 43 1 2 0
965 25 3 1 1
966 64 5 2 1
968 48 4 2 0
968 25 1 2 0
969 32 1 4 0
970 44 1 1 1
971 10 4 5 1
971 58 2 1 0
974 39 1 3 0
975 37 2 2 1
975 26 4 3 0
977 26 2 2 1
978 41 5 4 1
978 58 2 1 0
983 18 5 1 1
984 41 5 5 0
986 3 1 2 1
989 45 2 1 1
989 55 5 5 0
990 18 1 5 0
992 64 2 5 1
992 58 3 5 1
993 40 1 1 1
993 14 3 5 1
996 38 4 3 1
997 52 4 5 0
998 34 3 2 0
998 56 2 2 1
51 632
4 32 3 3 0
5 20 1 5 0
18 12 1 4 1
19 21 5 1 0
19 26 5 1 0
19 6 1 4 0
19 9 2 4 1
20 17 3 4 0
23 35 5 1 0
25 15 2 3 0
28 24 4 5 0
28 51 2 5 1
33 48 1 2 0
34 10 3 5 0
34 22 4 1 1
37 13 2 5 0
37 48 2 2 0
38 31 2 4 1
39 26 1 1 0
40 47 4 1 1
43 16 5 3 1
45 46 1 4 1
46 47 2 3 1
47 22 4 4 1
47 39 1 5 1
49 35 4 4 0
51 29 3 3 0
54 47 4 2 0
58 12 4 1 0
66 18 2 4 0
67 5 2 3 1
67 42 2 1 1
67 34 3 5 1
68 7 1 5 0
74 51 5 3 1
75 47 4 5 0
76 34 4 3 0
77 30 4 4 0
78 50 4 2 1
79 2 3 4 0
79 25 2 2 0
82 26 4 3 1
83 18 1 1 1
85 33 3 2 1
86 4 1 3 1
90 25 1 5 0
92 8 1 3 0
92 22 1 3 1
93 45 1 4 0
94 27 1 3 1
95 24 5 1 0
98 2 2 5 0
102 1 5 5 1
104 11 3 3 1
105 9 1 2 1
107 37 1 3 0
107 29 2 5 1
109 4 3 5 1
111 43 1 3 1
111 36 1 5 0
115 30 3 3 0
116 24 1 3 1
117 42 4 5 0
118 26 1 1 0
119 43 5 2 0
122 24 2 3 1
122 8 5 5 1
123 22 4 2 1
124 33 1 3 0
124 17 3 5 1
124 38 5 4 0
126 3 3 5 0
129 28 5 4 0
129 47 5 3 0
129 44 5 3 1
130 40 1 1 0
132 49 1 4 1
133 30 5 5 1
134 9 5 3 1
136 20 4 1 0
137 11 4 2 0
138 11 4 3 1
143 16 2 4 0
143 6 5 4 1
145 3 1 4 1
148 12 2 2 0
152 24 5 5 0
155 9 3 2 0
157 2 4 4 1
159 47 3 1 0
159 4 2 1 0
159 15 2 3 1
160 40 4 2 0
160 43 4 3 1
161 39 1 4 0
162 6 4 1 0
162 7 4 5 0
165 1 4 3 0
167 10 3 4 0
169 32 5 5 1
171 14 5 4 0
171 43 1 5 0
172 6 4 4 0
173 45 5 1 0
174 20 3 2 1
176 29 3 3 1
177 11 2 5 1
179 21 4 2 0
180 2 1 4 0
180 15 1 3 1
180 4 2 1 0
182 39 1 3 1
184 15 1 5 1
184 46 4 5 1
189 20 4 1 0
191 5 5 3 1
192 12 1 2 0
193 50 2 5 1
201 37 4 5 1
201 30 5 5 1
201 26 3 2 0
203 37 1 5 0
205 17 1 5 0
208 33 4 4 1
208 6 1 4 0
209 30 5 1 1
209 2 1 2 0
209 7 2 1 0
210 10 5 3 1
210 11 3 1 1
211 23 1 5 0
215 3 1 4 0
219 50 4 4 0
219 6 2 5 1
220 47 5 5 0
224 38 5 5 0
224 3 3 1 0
225 37 4 1 1
225 27 4 1 0
226 33 1 5 1
228 24 3 2 1
229 14 1 5 1
229 8 3 4 0
231 49 4 1 0
232 48 3 2 0
234 11 3 5 0
236 11 1 2 0
241 32 2 3 0
241 19 4 4 1
242 43 4 4 0
243 12 5 1 0
245 50 2 1 1
246 15 2 3 1
249 13 5 3 1
250 28 5 5 0
257 39 2 3 0
260 47 4 1 0
261 38 3 3 1
263 13 4 3 1
264 39 4 3 0
265 38 4 3 0
267 6 2 4 0
269 41 1 1 0
272 23 5 1 1
277 14 4 4 1
279 30 1 5 1
281 49 3 4 1
282 3 4 3 0
282 11 4 2 1
283 12 4 5 1
286 33 3 5 0
286 35 5 2 1
287 50 5 1 1
288 30 3 2 0
288 28 3 2 0
291 37 2 2 0
292 49 5 3 0
293 25 2 4 0
298 3 3 3 1
299 15 2 1 0
300 20 5 3 1
305 25 5 5 1
305 42 3 3 1
306 15 3 3 1
307 35 3 5 0
307 32 3 1 1
307 44 1 2 0
310 29 3 2 0
311 26 3 1 0
313 44 5 1 0
313 51 3 4 1
314 48 1 2 0
321 15 4 3 0
322 11 5 5 0
323 29 3 2 1
329 42 2 2 0
330 27 3 4 0
331 33 5 2 0
333 21 2 2 0
334 51 4 3 1
335 14 4 1 1
335 28 3 4 0
335 20 3 4 0
335 9 5 5 1
339 27 2 2 0
339 38 3 2 1
339 47 2 2 0
343 51 5 1 1
346 30 3 2 1
347 5 3 2 1
348 24 5 1 1
353 21 4 2 0
357 38 2 2 0
357 28 2 4 1
360 48 3 1 0
361 18 3 1 1
364 26 5 1 1
369 24 3 5 0
369 25 4 2 1
371 17 3 4 0
372 33 5 2 1
373 15 5 1 0
374 32 5 4 1
377 27 3 5 1
381 1 3 5 0
382 18 3 3 0
382 25 4 5 0
385 27 1 3 1
387 19 5 2 1
387 9 3 4 1
388 49 3 3 1
388 21 2 3 1
390 29 5 4 1
390 12 5 5 1
391 43 5 3 1
391 24 4 4 1
391 21 5 4 1
393 39 5 3 1
398 4 2 5 1
398 39 4 2 0
399 17 5 3 1
402 31 1 4 1
402 12 2 4 1
402 26 2 2 1
403 50 3 4 1
404 37 5 5 0
404 49 5 5 1
405 18 5 2 0
406 35 4 5 0
408 41 5 4 1
409 30 4 5 1
411 13 3 2 0
412 51 1 1 1
413 19 2 5 1
414 7 4 2 1
414 51 1 1 1
414 33 1 5 0
417 28 2 3 0
418 9 4 1 0
419 10 5 2 1
419 50 4 4 1
419 17 2 2 1
419 27 4 4 1
420 37 4 1 0
425 49 4 1 1
426 37 2 4 0
426 19 5 1 0
426 1 5 1 0
429 37 2 3 0
430 20 2 1 0
431 39 4 3 0
432 9 1 1 1
434 22 5 5 1
434 41 5 5 1
436 42 2 5 1
437 16 5 2 0
437 34 5 4 0
440 7 1 4 0
442 48 2 2 1
442 13 5 5 0
446 44 5 1 1
449 25 1 2 0
449 12 4 5 1
451 5 2 1 1
455 28 3 5 1
456 24 3 5 0
456 3 4 2 1
457 16 4 2 1
457 45 2 1 0
459 31 2 5 0
462 50 3 4 0
462 20 5 5 1
462 35 1 1 1
463 34 4 2 0
463 28 4 2 1
464 48 2 5 0
465 15 3 1 1
467 14 3 2 1
467 17 5 2 1
468 4 5 4 0
469 50 1 3 0
470 18 5 1 1
471 44 4 3 1
471 2 1 1 0
475 11 1 3 1
478 49 1 4 1
478 5 5 4 0
479 28 2 5 0
480 51 4 3 1
481 11 2 4 1
482 38 5 2 0
482 21 1 5 0
483 34 1 1 1
485 38 3 3 0
485 23 3 1 0
490 13 4 1 1
490 38 3 4 1
491 23 2 4 1
491 14 1 2 1
494 42 4 1 0
495 36 3 4 0
498 8 4 5 0
500 27 3 1 0
500 45 4 2 0
501 13 5 3 0
501 7 3 5 1
501 9 5 3 0
503 3 4 4 0
506 33 5 5 0
507 34 5 2 0
509 13 5 1 0
509 39 4 4 0
509 46 4 3 0
511 28 3 1 0
512 9 1 4 1
513 28 2 3 1
514 16 1 5 1
517 46 2 2 0
518 31 3 1 1
518 48 2 5 1
524 17 2 3 1
524 51 5 1 1
526 29 4 3 1
528 7 3 3 1
528 51 4 2 1
529 40 5 5 0
530 31 1 5 1
530 10 2 3 1
531 51 3 1 0
532 46 4 1 0
532 35 5 2 0
534 25 4 3 0
534 5 3 1 0
537 41 2 5 0
539 42 4 3 0
540 28 1 4 0
544 4 2 5 0
544 37 2 1 0
545 4 5 3 0
547 27 5 1 1
547 29 2 4 1
548 6 4 3 1
550 45 2 4 1
550 2 5 3 0
552 48 4 4 0
553 33 3 1 1
556 44 3 5 1
558 15 5 4 0
558 22 5 5 0
562 34 2 5 0
563 28 3 2 1
566 40 3 4 1
567 46 1 3 1
570 2 5 2 1
570 34 4 1 1
572 19 3 2 0
573 3 3 5 0
575 20 3 2 1
576 17 4 3 1
580 11 5 3 0
582 13 5 3 0
583 19 1 2 0
587 8 2 3 1
590 11 4 5 1
590 31 2 2 0
590 11 5 4 1
592 25 2 1 1
593 43 3 3 1
595 25 1 4 0
595 46 4 5 0
596 11 1 3 1
596 31 3 5 0
600 14 2 5 0
603 24 2 4 1
604 19 1 1 0
604 28 4 1 1
606 14 3 5 0
608 17 2 5 0
609 28 3 5 0
612 10 2 3 1
619 46 5 4 1
624 43 2 4 1
625 38 2 3 1
625 36 2 5 1
629 40 3 2 1
631 28 4 4 1
632 41 3 1 1
635 9 4 4 0
637 12 5 5 1
639 24 1 2 0
639 22 3 4 1
641 36 1 2 0
643 17 1 2 0
644 38 4 5 0
645 39 2 1 0
648 44 5 5 0
649 11 1 4 0
650 23 4 3 1
650 28 2 3 0
655 35 4 4 1
655 4 2 2 1
655 44 5 3 1
657 33 5 3 0
657 51 2 4 1
658 21 5 4 0
660 46 5 5 1
667 11 4 3 1
669 2 4 4 0
669 20 5 3 1
670 30 5 1 1
673 23 2 3 0
673 30 1 2 0
673 47 3 2 0
674 39 2 1 1
674 46 2 3 0
674 31 1 4 0
676 27 3 5 1
678 16 4 2 1
678 51 5 5 1
680 9 2 2 0
681 34 2 4 1
690 50 2 2 0
691 42 5 4 1
697 26 2 4 0
698 27 2 3 0
698 51 5 2 0
701 10 5 3 1
702 7 1 4 1
702 44 5 1 0
703 26 5 5 0
704 19 3 2 0
707 20 3 3 0
709 31 5 2 1
710 3 3 4 0
713 25 4 5 1
716 31 2 2 0
717 16 3 4 0
719 17 1 3 0
719 32 5 5 0
720 15 5 5 0
721 18 3 2 0
722 48 4 4 1
722 29 4 2 1
725 22 5 3 1
726 12 1 1 1
726 51 3 1 0
729 20 1 1 1
729 11 3 4 1
730 49 4 1 1
736 2 5 3 0
736 46 2 1 1
736 13 4 2 1
742 26 1 2 1
744 27 2 4 1
746 5 5 4 1
747 25 4 5 0
754 35 3 3 1
754 39 4 1 0
756 47 4 1 1
757 34 1 4 0
759 32 5 5 0
759 25 4 3 0
760 9 2 5 0
760 33 4 5 0
764 45 3 3 1
766 42 1 2 0
767 2 5 5 1
768 49 2 1 1
768 48 3 5 1
771 15 2 4 1
777 27 2 2 1
777 9 5 5 1
778 9 1 2 0
780 42 3 3 1
780 24 4 3 1
782 2 2 2 0
783 49 5 5 1
787 26 3 4 1
788 5 4 5 0
789 1 2 1 1
789 24 2 5 0
793 14 2 5 1
796 10 4 3 0
796 32 3 5 1
798 10 3 5 0
799 51 2 5 1
806 22 5 4 1
808 36 2 2 0
810 32 1 4 0
810 10 5 2 0
811 47 2 4 0
812 48 3 4 1
815 2 4 4 0
815 3 2 5 0
818 34 5 3 0
820 18 4 1 0
825 31 5 1 0
825 15 5 4 1
826 13 4 2 0
827 39 4 5 0
828 8 4 3 0
828 40 4 5 1
830 40 5 4 1
834 51 2 4 0
835 21 4 5 0
835 51 2 3 1
837 19 1 1 0
839 46 3 3 1
841 20 1 4 0
843 40 4 1 1
843 39 2 3 0
843 15 2 2 1
844 24 5 4 0
844 17 3 2 0
844 42 5 2 0
845 44 3 4 1
846 25 3 3 0
846 45 2 1 0
847 51 5 1 0
847 11 1 1 1
849 9 3 3 0
849 12 5 5 0
850 22 5 4 1
850 45 3 3 1
852 34 4 1 0
853 37 3 3 1
853 14 5 4 1
854 8 5 5 1
854 32 1 1 0
855 29 2 5 0
855 6 4 3 0
859 10 3 3 1
861 24 5 2 0
861 32 4 1 0
863 37 4 4 0
864 14 3 3 0
864 10 2 2 1
865 41 2 5 1
865 45 5 2 1
867 34 3 5 1
869 27 5 3 0
870 24 1 4 1
872 17 2 5 1
874 24 2 3 0
876 28 1 4 0
877 17 2 2 1
880 31 1 4 0
881 18 4 1 1
884 23 2 5 1
891 50 1 1 0
893 12 5 5 1
896 26 5 4 1
896 43 3 5 0
898 12 1 3 1
898 15 2 4 1
899 42 2 5 0
902 14 3 5 1
904 5 4 5 1
906 26 5 2 0
907 24 1 5 1
908 8 5 2 0
909 41 1 3 0
912 30 3 4 0
912 14 5 1 1
920 46 2 1 0
923 28 3 1 1
924 28 4 1 0
927 8 3 1 1
927 35 1 4 0
927 29 5 2 1
929 21 5 4 0
930 13 2 1 1
931 34 2 3 1
931 36 4 2 0
932 17 2 5 1
933 5 4 3 1
933 30 1 1 1
937 19 5 4 1
937 18 5 4 1
939 34 2 1 0
942 28 5 3 0
944 7 3 1 1
946 1 3 2 0
946 41 2 3 1
949 33 3 3 0
953 47 3 5 1
953 47 1 4 0
953 8 2 2 0
953 46 5 4 0
954 34 3 5 0
955 43 1 2 0
957 2 3 3 0
957 23 2 1 0
962 27 1 3 1
962 23 5 3 1
965 45 4 3 0
967 50 4 2 1
968 46 1 2 0
970 4 3 5 0
971 40 1 4 0
973 46 3 5 0
975 45 5 5 1
976 8 2 5 0
978 37 3 1 1
984 19 1 1 1
985 21 3 3 0
989 34 5 1 1
995 43 4 2 1
995 15 2 4 1
996 39 1 4 1
996 14 3 4 1
1000 45 3 1 0
62 739
5 39 5 3 1
6 58 1 4 0
6 1 3 3 1
7 28 3 1 0
7 33 4 2 0
8 51 1 3 1
9 39 1 4 0
9 47 4 3 0
10 61 2 2 1
10 37 4 1 0
14 60 3 2 1
14 49 3 3 1
15 4 4 2 0
17 54 5 1 1
19 22 3 2 1
19 41 1 2 1
21 12 4 4 1
21 50 3 3 0
23 11 2 2 1
23 3 4 2 1
26 21 1 2 0
28 6 4 1 1
29 27 2 4 1
29 26 5 5 1
32 57 2 5 0
35 42 2 5 0
38 15 3 2 0
38 6 5 2 1
38 15 3 2 1
39 27 3 3 1
40 27 4 2 1
40 54 4 4 0
44 2 5 3 1
44 44 3 1 1
45 2 4 5 0
49 49 3 4 0
50 35 2 2 0
50 32 2 1 1
50 44 2 4 0
53 37 5 2 1
57 40 2 2 0
58 14 2 3 0
58 35 2 3 0
59 9 1 1 1
59 40 5 4 1
62 7 4 4 1
63 44 5 3 1
64 49 3 4 0
65 61 1 4 0
65 49 1 2 0
67 3 4 4 1
70 15 1 4 1
71 7 5 3 0
71 33 3 5 1
71 1 2 3 1
72 30 2 4 0
72 5 1 3 0
73 59 5 1 0
74 58 1 3 0
75 49 3 2 0
75 29 4 5 1
77 5 4 3 0
80 2 5 4 1
83 35 4 3 1
85 22 3 2 0
87 24 1 3 0
87 47 2 4 1
88 14 2 5 1
88 35 4 3 1
91 33 3 3 0
93 2 4 5 0
96 30 3 5 1
97 47 1 1 1
101 33 1 5 1
101 13 4 3 0
102 31 5 3 1
103 29 4 3 1
103 9 2 2 1
107 33 4 1 0
108 31 4 4 1
110 14 2 1 0
113 62 2 1 1
115 52 5 4 1
115 60 5 1 1
118 44 1 5 1
118 51 1 3 0
119 18 4 5 1
119 16 1 3 1
122 11 2 5 1
123 51 2 5 1
124 1 4 4 0
127 58 4 4 0
129 14 3 4 0
129 15 4 4 0
130 49 5 2 0
131 9 4 3 1
134 33 1 5 0
134 27 3 3 0
139 46 5 2 1
140 13 4 2 0
140 42 1 2 1
141 10 1 1 0
143 1 2 3 0
143 26 2 3 1
143 55 1 1 0
144 53 1 5 1
146 8 2 1 0
149 7 5 5 1
150 60 1 4 1
151 18 2 3 0
153 9 2 2 1
153 25 2 1 0
156 61 1 3 1
160 20 1 3 0
161 50 1 3 0
163 58 5 4 0
164 42 3 3 0
167 39 4 1 1
167 14 2 5 0
167 46 4 1 0
175 42 5 5 1
176 29 4 2 1
176 52 1 2 1
177 12 5 3 0
177 40 2 2 0
178 1 5 3 0
179 9 5 5 0
179 20 4 2 1
179 30 2 1 1
180 21 4 4 1
180 46 1 4 0
182 4 5 1 0
185 28 5 1 0
185 19 4 5 0
188 29 4 3 0
188 59 2 2 1
191 36 2 4 0
195 38 5 4 1
195 1 5 3 0
199 29 3 3 0
200 25 3 4 1
204 16 2 1 0
204 45 1 5 0
204 49 2 4 1
205 39 1 2 1
205 29 5 5 1
207 47 2 5 1
209 52 3 5 1
209 33 5 1 1
209 18 4 4 1
209 56 4 5 1
210 54 4 1 0
215 14 4 4 1
217 39 1 4 0
219 5 5 2 1
227 41 5 2 0
227 4 3 5 0
227 41 4 1 0
235 44 1 5 0
237 38 2 5 0
237 11 5 5 0
237 56 2 2 1
240 2 3 5 1
241 17 2 1 1
241 52 2 1 1
242 45 1 5 0
243 53 4 3 0
244 25 1 2 0
246 38 1 2 0
249 36 2 3 0
249 59 4 5 0
252 7 1 4 1
252 55 2 2 1
255 7 5 5 1
256 4 2 4 1
258 29 4 5 0
260 15 5 4 1
260 54 1 1 0
262 17 3 5 1
266 16 5 5 1
266 29 4 4 0
269 31 3 4 0
269 29 5 1 1
272 13 4 2 1
273 13 5 3 1
273 11 4 1 0
273 40 4 2 1
277 22 2 4 1
277 61 1 2 0
280 28 3 2 1
280 39 4 2 1
283 35 1 3 0
284 9 3 5 0
285 10 4 5 1
286 44 4 2 0
288 55 4 3 0
289 57 2 2 1
290 27 4 3 1
291 5 5 2 0
292 18 2 3 1
294 17 5 4 0
296 49 3 3 1
296 40 4 2 1
300 30 4 1 1
302 10 5 4 0
304 10 5 4 0
305 33 5 1 0
305 42 4 2 0
306 27 3 3 1
306 30 3 2 0
306 36 1 1 1
307 10 3 1 1
309 40 5 2 0
313 5 5 5 0
315 33 4 2 1
316 4 3 1 0
320 37 5 1 0
321 26 5 4 0
321 56 4 3 0
323 6 1 4 1
324 2 1 1 0
324 41 1 1 1
326 10 5 3 1
328 54 5 1 1
329 41 4 5 0
330 40 4 2 0
330 50 3 1 0
331 55 2 3 1
332 5 1 1 0
333 14 1 5 0
338 41 5 5 0
343 57 1 5 0
346 57 1 4 0
347 56 3 4 0
353 11 5 3 1
353 13 4 1 1
354 33 5 3 0
354 45 4 1 1
356 9 4 1 0
357 57 5 2 0
358 5 1 3 1
359 15 2 3 0
361 21 2 2 1
361 23 4 4 1
361 20 2 3 1
363 34 4 4 1
364 47 4 2 1
367 24 1 3 0
368 62 2 5 1
368 43 1 2 1
368 26 3 1 0
368 52 5 1 1
369 48 1 5 1
371 52 4 3 1
371 49 1 5 0
373 40 3 3 0
374 32 1 4 1
375 4 2 1 0
376 12 2 1 1
386 52 1 3 0
386 24 3 3 1
387 57 3 1 1
389 10 4 2 1
389 11 2 1 0
390 30 3 5 0
391 33 1 1 0
393 13 5 2 1
393 22 5 2 1
396 31 5 2 1
397 52 4 5 0
397 5 3 2 0
398 56 1 1 0
399 25 1 4 0
400 9 3 3 0
401 16 4 5 1
403 57 3 3 1
403 12 4 1 0
407 26 2 1 0
407 8 4 2 0
407 42 3 5 0
407 62 1 2 0
408 16 5 1 1
409 48 2 2 0
409 58 2 2 1
416 57 1 1 1
416 38 4 5 1
420 24 2 4 1
420 26 3 2 1
420 39 4 5 0
421 4 5 3 0
424 25 5 1 0
424 40 3 5 1
424 24 5 3 1
425 59 3 3 0
425 27 5 1 0
426 13 2 2 0
429 45 5 2 1
432 21 5 1 0
433 21 4 4 0
435 49 2 2 1
436 31 5 1 0
436 31 1 2 0
439 13 4 5 1
441 27 5 5 0
441 14 2 1 1
444 52 1 3 1
444 31 1 4 0
448 54 2 5 1
448 29 4 2 1
448 42 1 2 1
449 50 4 3 0
450 21 3 3 1
450 61 5 2 1
451 11 5 2 1
452 50 5 5 0
455 47 4 1 0
455 27 4 5 0
459 46 2 2 0
459 27 4 4 0
462 6 5 4 0
464 2 4 2 0
466 25 2 4 0
466 10 5 4 1
467 51 2 5 1
470 16 5 1 1
471 19 3 2 0
472 52 2 2 1
472 44 1 5 0
473 52 3 2 0
473 12 3 5 1
474 38 4 5 1
475 37 5 1 1
476 7 3 3 1
479 16 1 2 1
480 41 3 5 0
483 41 5 3 0
483 49 5 2 1
487 50 5 5 0
490 22 3 3 1
490 12 5 4 0
493 46 3 5 1
493 36 1 1 1
493 23 3 3 1
494 40 3 3 0
494 1 2 3 0
495 18 4 4 1
495 26 5 5 1
497 28 5 4 1
501 16 5 2 1
501 9 5 2 1
505 16 4 2 1
507 40 3 4 0
507 32 2 3 1
509 11 3 4 0
511 44 5 2 0
512 9 1 1 0
513 23 2 2 0
514 6 3 3 0
514 18 5 5 1
516 51 1 5 0
518 14 4 4 1
521 54 3 4 1
523 61 1 4 0
523 33 5 3 0
526 50 4 5 1
526 59 3 3 1
527 11 1 2 1
529 3 5 3 1
529 36 1 1 0
532 45 4 2 0
533 47 4 2 0
534 41 1 1 0
535 29 5 2 1
535 23 4 2 1
539 15 2 5 1
540 60 3 2 0
541 59 5 5 0
542 22 3 5 1
544 36 3 2 0
545 28 3 4 0
547 19 2 3 1
549 27 4 1 1
549 27 3 5 0
549 52 2 1 0
551 56 3 1 0
561 36 1 5 1
564 7 4 5 0
565 30 4 3 0
566 20 5 4 1
566 1 1 2 1
568 43 5 3 0
572 43 4 4 1
574 44 3 5 1
574 45 3 5 1
577 43 4 3 1
577 52 1 2 1
578 25 3 3 0
578 20 4 2 1
580 18 4 5 0
581 46 2 3 1
582 55 4 3 0
583 53 5 5 1
585 25 2 2 0
585 59 3 4 1
585 19 1 1 0
587 11 4 1 0
587 4 1 4 1
588 24 1 4 0
589 36 1 1 1
590 30 1 5 0
592 11 2 1 1
594 57 2 5 0
594 25 4 1 1
597 52 1 4 1
598 25 2 5 0
598 59 1 2 1
598 62 3 5 0
598 9 2 5 0
601 61 2 5 1
605 8 5 3 1
608 24 2 5 1
611 49 2 1 0
613 62 5 3 0
615 31 3 3 1
616 44 5 2 1
617 35 2 3 1
617 27 4 3 0
617 30 2 1 0
617 34 2 1 1
618 40 5 3 0
621 20 1 4 0
623 33 4 5 1
623 15 3 2 1
626 52 3 5 0
631 46 5 3 0
631 45 5 3 0
634 15 1 1 0
634 47 1 5 1
635 60 3 1 0
636 62 5 2 1
640 32 5 3 1
642 20 1 3 1
642 48 4 4 0
642 54 1 2 0
643 60 2 2 0
644 21 3 2 1
644 32 1 4 0
644 34 5 3 0
650 53 3 2 0
650 35 5 5 1
653 53 5 5 1
653 46 1 2 1
656 20 1 1 1
658 34 2 4 1
660 12 2 1 0
661 51 3 2 0
661 39 3 4 1
663 18 4 4 0
663 3 3 2 0
666 25 1 4 1
666 20 5 2 1
667 14 4 4 1
669 24 2 3 1
670 30 3 2 1
671 58 5 1 1
672 28 1 5 1
673 23 1 3 0
674 22 3 5 0
675 47 3 4 1
676 54 1 5 0
678 58 1 2 1
680 61 1 1 0
681 3 5 2 1
681 56 3 5 0
681 9 2 5 1
683 42 2 2 1
685 15 2 5 1
686 13 5 1 0
686 51 5 1 1
688 34 2 4 0
688 45 2 5 1
688 53 3 4 1
689 59 1 2 1
690 37 1 5 0
690 9 1 5 1
691 40 2 4 1
692 58 3 2 0
692 6 3 3 0
695 36 2 3 0
697 3 1 1 1
697 37 2 1 1
699 61 1 1 1
699 54 2 5 1
699 44 3 1 0
699 39 1 5 0
700 11 3 1 0
704 10 1 3 1
704 41 1 4 1
705 45 5 4 1
710 45 2 5 0
711 18 2 3 1
714 19 4 3 0
714 48 2 2 0
716 10 5 4 0
716 5 5 3 1
716 41 4 4 0
719 17 2 3 0
720 20 3 5 0
723 19 1 3 0
723 14 2 3 0
724 51 2 5 1
726 49 1 2 1
728 27 4 1 0
728 46 4 1 1
729 20 2 1 1
731 39 3 4 1
731 18 5 4 0
733 6 5 3 0
735 1 5 1 1
736 62 4 3 0
736 45 4 1 0
736 54 5 4 1
737 46 2 1 0
738 20 5 2 0
738 56 3 2 0
739 8 1 5 0
742 17 2 3 0
743 56 4 2 0
744 43 2 3 1
746 31 2 2 1
746 37 1 2 0
750 28 4 2 1
751 4 4 1 1
753 38 4 3 1
754 59 2 4 0
755 31 5 3 1
758 13 5 3 0
758 41 5 2 0
759 6 2 3 0
760 48 2 5 1
761 60 2 3 0
761 2 3 4 1
764 10 5 2 1
765 17 4 2 1
766 22 4 1 0
766 39 4 1 1
766 43 2 3 1
766 10 3 4 1
767 34 3 4 1
767 49 1 1 0
773 26 5 5 0
774 14 4 5 0
776 59 1 3 1
776 23 4 4 0
777 44 3 1 1
777 49 4 3 0
777 9 4 4 0
778 23 1 4 0
780 49 1 1 1
780 52 3 1 1
782 40 4 5 1
782 39 2 1 1
782 5 1 1 0
782 43 1 5 1
784 8 3 5 0
784 11 3 5 0
785 56 2 4 1
786 9 5 1 1
787 44 4 5 0
788 59 2 3 1
788 23 1 5 1
789 54 1 4 0
790 56 3 3 1
790 17 2 4 1
791 39 5 3 0
792 60 2 3 0
796 49 2 4 0
796 32 4 3 1
799 9 1 1 1
800 42 3 4 0
801 51 5 4 0
801 31 1 5 0
801 19 5 3 0
805 9 4 1 0
806 36 2 2 1
807 20 2 4 1
808 36 2 2 0
808 59 5 1 0
808 29 2 1 1
809 43 4 4 1
813 48 2 5 0
814 23 5 4 1
815 35 4 1 0
817 18 4 3 0
820 9 5 2 0
821 8 3 3 0
822 14 2 4 1
824 35 1 3 0
825 10 2 4 0
828 14 4 5 1
829 28 3 5 0
829 50 5 1 1
831 6 3 5 0
832 17 3 1 0
833 29 2 2 1
833 13 1 5 1
834 42 5 1 0
834 44 5 1 1
834 1 5 4 1
834 53 4 5 1
835 45 1 3 0
836 20 3 5 0
839 24 2 1 0
839 47 3 3 0
841 52 1 1 0
842 55 1 4 0
844 31 4 4 0
848 47 5 2 0
849 7 1 2 1
849 17 5 4 0
850 42 4 3 0
852 62 2 1 1
852 25 5 4 0
855 38 5 3 1
856 10 4 1 1
857 7 5 1 1
860 3 1 3 1
861 22 2 1 1
863 9 4 5 0
864 27 3 2 0
865 1 1 3 0
865 47 5 4 1
865 24 2 2 1
867 11 1 5 0
868 6 4 3 0
869 39 5 2 0
872 47 3 2 1
872 36 4 1 0
876 17 3 2 1
876 21 5 5 1
877 41 1 1 1
877 59 2 4 1
878 60 5 1 0
878 54 1 3 0
882 43 1 2 0
884 35 4 1 0
885 59 4 3 1
886 52 4 4 0
886 38 2 5 1
888 2 1 2 1
890 45 3 4 0
891 27 3 1 0
898 24 3 5 1
899 32 3 3 1
899 22 1 5 0
901 51 2 3 1
901 13 1 5 1
906 8 4 2 0
907 33 5 5 1
907 24 1 5 0
907 20 5 5 0
908 55 1 5 0
909 19 1 1 1
910 52 1 2 0
912 3 4 5 1
913 47 1 3 1
915 27 5 5 0
916 27 4 2 1
918 58 2 2 0
918 50 4 5 1
919 36 2 3 0
927 51 4 4 1
927 37 3 2 0
928 54 3 1 1
928 21 5 3 1
928 47 4 3 0
928 33 4 4 0
930 60 2 3 1
932 15 2 4 1
932 20 5 1 0
932 39 5 3 0
933 5 2 4 0
935 54 3 2 0
935 43 3 2 1
938 11 5 4 1
940 28 5 1 1
941 9 1 4 1
942 11 5 3 0
944 60 1 2 0
947 23 4 3 1
947 20 4 1 1
948 1 4 4 1
949 35 1 5 1
950 26 4 1 0
951 31 1 1 0
952 60 1 4 1
953 40 5 5 0
953 27 4 5 1
953 54 3 5 1
955 51 1 1 1
961 7 1 2 0
963 53 5 3 1
966 53 1 5 0
967 34 4 3 0
968 56 5 2 0
968 13 1 5 1
968 50 3 2 1
969 29 2 4 1
971 9 2 2 1
973 33 4 3 0
974 15 2 3 0
974 59 4 2 1
975 41 1 5 1
976 15 2 2 0
976 25 4 5 0
976 2 5 3 1
977 62 1 3 0
979 1 4 3 0
979 62 5 5 1
981 62 2 4 0
982 24 4 1 0
983 19 5 1 1
990 1 4 2 1
991 37 3 5 1
993 49 4 5 0
993 15 1 1 1
994 37 3 5 0
994 32 4 5 1
996 8 3 4 1
996 10 4 2 1
997 3 5 5 1
997 44 4 2 0
998 34 2 3 1
998 22 4 3 0
998 47 3 3 0
999 40 4 4 0
1000 25 1 2 0
1000 38 4 2 0
1000 8 4 2 0
98 671
3 17 2 2 0
4 83 3 1 0
5 34 5 2 1
16 41 4 5 0
16 15 4 2 0
16 1 5 3 1
16 80 1 2 0
22 16 2 5 1
24 80 3 1 1
26 17 4 1 0
26 75 3 3 1
28 88 4 4 0
29 63 1 1 0
32 85 5 1 0
32 74 2 1 0
32 83 4 3 1
36 76 4 1 1
36 74 3 2 0
37 24 1 4 1
38 31 4 4 1
38 98 4 4 0
38 55 2 5 1
40 6 5 5 0
42 14 4 3 0
42 40 4 5 1
43 19 5 1 0
44 80 4 3 0
46 47 3 4 0
47 7 3 3 0
48 28 5 4 1
53 55 2 5 1
54 32 5 5 0
55 7 4 1 1
56 76 2 2 1
56 71 5 5 1
56 71 1 2 0
58 81 4 3 1
59 59 1 4 0
61 48 4 2 0
61 63 4 1 0
63 83 2 3 0
63 48 5 4 1
64 31 5 2 1
64 76 3 2 0
66 39 1 5 1
66 19 1 5 0
68 63 5 4 1
69 42 5 5 1
69 32 2 4 0
70 41 3 2 1
71 95 3 2 1
73 10 4 3 1
74 13 4 5 1
75 65 5 3 1
76 50 2 2 0
77 41 5 5 0
79 70 5 3 0
79 52 3 1 1
81 77 3 2 1
83 83 3 1 1
84 72 3 3 1
90 81 1 4 1
91 75 2 1 1
91 1 2 1 0
92 27 4 2 1
92 73 2 5 1
95 78 4 4 0
96 17 1 1 1
104 46 3 4 1
106 86 4 2 1
107 14 2 1 0
107 37 1 3 0
108 78 2 4 1
110 19 4 1 1
113 79 1 4 0
113 36 3 1 0
114 52 5 3 0
115 67 3 2 0
115 80 5 4 0
115 43 5 2 0
116 49 5 4 1
118 63 3 3 0
118 56 4 5 0
122 23 3 5 0
125 68 3 5 0
126 87 5 3 1
130 82 2 1 0
130 91 2 5 0
131 89 5 3 0
132 76 3 4 1
134 17 2 5 0
136 65 1 5 0
137 3 4 4 0
139 89 5 3 1
140 50 3 4 0
142 55 2 4 1
142 34 5 1 0
142 6 5 5 0
143 1 4 2 1
143 85 4 1 0
146 41 3 5 0
147 25 5 4 0
148 6 5 1 1
150 74 4 1 0
153 27 2 3 1
153 73 1 2 1
154 34 3 3 0
154 78 4 2 1
160 91 1 1 1
161 34 5 5 0
161 9 2 4 1
161 76 5 4 0
164 96 3 4 1
165 69 4 3 0
165 54 5 3 1
166 52 4 4 0
166 36 5 1 0
167 2 4 4 0
168 52 3 5 1
168 20 5 4 0
169 23 4 5 0
169 82 1 1 1
169 74 1 1 1
170 74 1 4 1
172 11 3 5 1
178 66 2 1 0
178 57 4 4 1
178 12 1 2 0
179 4 2 1 0
181 10 5 1 0
181 68 4 2 0
183 31 5 3 1
184 30 1 4 1
185 40 2 2 1
186 47 2 4 1
187 10 4 3 0
188 81 1 4 0
188 77 2 1 0
188 69 2 3 1
189 28 2 2 0
190 39 3 2 0
190 95 1 5 0
191 81 2 4 1
192 83 3 2 0
192 78 2 3 0
194 73 2 3 0
195 84 4 5 1
196 56 4 1 0
196 79 4 2 0
196 58 1 1 1
197 14 5 4 1
197 24 3 1 0
198 22 5 4 1
198 38 2 1 0
203 56 3 4 0
204 97 5 5 0
212 16 2 5 0
214 79 3 3 1
216 54 4 4 0
217 31 5 5 0
219 13 1 3 0
220 37 4 2 0
222 39 2 1 1
222 6 4 5 1
224 92 1 4 0
225 1 2 2 0
227 35 3 2 0
227 28 1 4 0
228 57 3 3 0
229 71 2 3 0
230 22 2 5 0
230 67 4 1 1
234 88 2 3 0
235 72 5 3 1
236 52 5 4 1
236 25 4 3 0
238 42 4 3 0
238 10 2 4 0
243 40 4 5 1
245 91 4 4 0
246 2 1 2 1
247 9 3 3 1
248 57 4 1 0
250 86 1 2 1
255 26 5 4 1
259 52 1 4 0
259 96 2 2 1
260 90 1 4 0
263 70 5 5 0
264 22 3 4 0
264 77 3 5 1
265 83 5 1 0
265 74 2 2 0
267 77 1 2 1
268 50 5 1 0
269 22 5 5 0
269 18 3 5 0
270 45 4 3 1
271 16 5 5 0
272 5 1 5 1
275 5 2 1 1
277 8 3 2 0
278 42 5 2 1
279 50 3 3 0
280 35 5 1 0
282 30 5 5 1
288 7 3 5 1
288 84 2 3 1
289 39 3 5 1
289 6 5 3 0
290 31 3 1 0
294 56 2 3 1
295 71 4 4 0
296 33 3 4 0
297 78 1 3 1
297 90 2 3 1
299 83 5 1 1
299 19 2 4 0
300 91 2 2 1
300 30 5 4 0
302 12 5 3 0
302 67 4 4 0
303 93 4 1 1
305 55 3 5 0
307 52 3 4 1
310 73 3 5 0
313 64 4 5 1
315 8 3 1 0
316 5 2 5 1
316 76 1 2 0
316 70 2 4 1
317 3 3 3 0
322 51 1 5 1
324 68 4 3 0
326 74 4 3 1
331 42 4 2 0
331 78 4 3 1
334 72 1 4 0
336 5 5 1 0
337 35 1 1 1
338 33 5 4 0
338 87 2 5 0
339 73 1 3 0
339 87 4 1 1
339 96 3 1 0
339 26 1 5 1
341 27 2 1 0
341 50 3 5 0
342 15 4 2 1
343 44 5 2 0
347 31 1 4 0
349 45 4 4 0
349 44 1 4 0
350 51 5 3 0
352 52 5 3 0
354 39 1 5 1
357 25 2 5 1
358 41 3 1 1
358 67 2 4 0
359 1 5 4 0
362 13 1 1 0
364 82 2 1 0
366 17 3 5 0
368 80 5 2 1
371 86 1 2 1
371 77 4 5 1
374 80 5 5 1
376 78 2 2 0
376 67 1 3 0
377 92 2 1 0
377 78 3 3 0
377 68 5 4 1
381 14 4 1 1
382 78 3 4 0
383 46 5 3 0
383 76 2 4 0
385 7 3 5 0
386 41 5 1 0
387 95 5 3 0
389 92 3 3 0
389 39 2 1 1
391 72 2 2 0
395 12 1 2 1
396 60 5 1 0
399 12 4 5 1
399 69 5 3 0
402 63 4 4 1
405 8 5 2 1
406 57 5 3 1
407 25 3 3 0
408 75 1 5 1
409 70 3 1 0
412 75 1 2 1
413 75 5 2 0
416 62 3 4 1
418 61 2 1 0
422 17 4 1 0
422 96 5 4 0
423 90 3 2 0
427 27 2 5 0
427 76 5 4 0
427 97 4 5 0
427 45 4 3 0
428 75 5 5 0
428 9 5 1 0
429 70 4 5 0
432 61 2 5 1
435 68 5 1 0
435 7 5 5 1
438 56 2 3 1
439 40 2 3 1
440 65 2 4 0
440 77 2 4 1
440 14 2 4 1
442 39 5 2 0
442 73 1 5 1
443 54 2 5 1
445 71 3 1 0
447 3 4 4 1
448 38 5 5 0
448 36 5 2 0
448 73 1 2 1
448 19 2 5 1
450 27 4 5 0
450 30 2 5 1
452 84 1 1 1
453 77 5 1 1
454 64 5 2 0
456 53 3 2 0
457 63 2 1 0
458 22 5 2 1
458 66 5 1 1
458 2 1 2 0
459 29 4 1 0
461 57 2 4 1
462 30 3 4 1
462 96 3 1 0
463 43 5 1 0
465 37 5 1 0
468 25 4 4 1
471 1 1 3 0
473 44 2 2 1
476 11 5 3 0
477 29 4 5 0
479 90 1 3 1
481 36 3 5 0
482 25 5 4 1
483 16 1 5 1
484 6 2 5 0
488 89 4 5 1
488 69 4 3 1
488 37 3 3 0
489 25 1 4 1
490 38 3 3 1
490 58 3 2 0
491 25 4 4 1
494 15 4 1 1
496 54 1 3 0
499 30 4 1 1
499 17 4 4 1
499 87 2 4 1
500 81 2 5 0
501 3 3 2 0
502 31 1 4 0
508 23 4 2 0
510 20 2 3 1
513 31 4 4 1
513 16 1 5 0
514 49 3 1 0
514 27 2 4 1
514 12 4 2 0
519 11 5 1 1
521 2 5 3 0
523 10 2 1 1
523 19 1 5 0
525 72 3 4 1
527 5 4 1 1
527 86 2 2 1
530 8 3 4 0
532 96 1 1 1
533 92 2 5 1
534 60 3 3 0
537 65 3 4 0
538 18 5 5 1
539 41 2 2 1
539 90 3 2 0
542 81 4 1 0
546 62 3 2 0
549 23 4 5 0
550 19 4 1 0
550 67 3 3 1
558 21 3 4 0
559 16 1 4 1
560 95 5 3 0
561 51 4 5 1
562 26 5 4 1
564 87 2 3 0
567 5 3 5 1
568 1 4 5 1
568 29 3 4 1
569 4 3 5 0
571 7 5 4 0
572 19 4 4 1
573 89 4 5 0
573 98 4 3 0
573 38 4 2 0
574 93 4 1 1
576 57 4 2 1
576 78 3 2 1
577 1 3 2 0
580 52 1 2 0
581 50 4 5 0
581 5 5 4 0
581 21 1 4 0
584 45 3 3 0
584 12 4 2 1
585 28 4 5 1
586 71 1 2 0
594 85 4 4 0
597 26 3 4 0
600 69 2 3 1
601 18 2 4 1
602 18 4 2 0
603 38 1 4 1
607 93 1 5 0
608 18 2 1 1
609 85 2 4 0
609 36 3 3 0
610 61 2 2 0
610 78 2 2 1
612 36 2 5 0
613 6 1 5 1
613 49 3 3 0
617 12 3 1 0
623 30 3 1 1
625 63 5 1 0
625 75 3 4 1
628 51 4 2 1
630 24 3 5 0
634 18 4 1 1
635 90 3 5 0
635 92 4 1 0
635 29 1 2 0
636 38 3 4 0
636 28 1 1 0
636 51 1 2 1
638 53 2 1 0
639 44 2 1 1
641 48 5 2 1
650 61 4 2 1
654 41 1 4 1
661 75 2 1 1
663 62 4 5 0
665 12 3 1 0
665 25 2 2 1
665 88 1 5 1
666 92 2 5 0
667 45 4 2 1
667 60 4 1 1
668 59 1 1 0
668 8 5 1 0
669 38 1 2 0
669 60 3 2 0
671 92 1 2 0
675 59 4 2 1
680 70 4 3 0
681 1 2 2 0
682 7 2 1 0
684 77 2 5 1
685 1 3 1 0
687 49 2 5 1
688 19 2 5 1
689 52 1 3 1
691 77 4 3 0
692 75 5 5 1
692 76 4 2 0
696 6 2 1 1
697 27 2 1 1
697 24 2 5 0
698 5 5 3 0
701 38 4 2 0
705 3 1 3 1
706 87 4 1 0
707 34 4 1 0
708 94 5 3 0
710 37 2 4 0
711 25 1 4 0
713 11 2 2 1
714 92 2 2 0
714 43 5 2 1
715 34 3 2 1
716 46 5 2 0
718 44 3 5 1
720 84 2 3 0
720 48 5 5 0
722 93 4 4 1
732 35 3 5 1
732 5 4 5 1
734 97 3 2 0
736 82 4 4 1
739 92 5 1 0
739 56 2 1 1
739 45 1 1 0
740 88 2 2 1
741 45 4 4 0
742 92 3 1 0
744 52 5 2 0
749 24 4 1 0
749 67 1 5 0
752 36 3 1 0
753 80 1 5 0
755 79 2 2 1
756 11 5 1 1
756 33 4 3 1
756 95 4 1 1
758 31 1 1 0
758 48 4 3 0
759 95 5 2 1
761 80 5 2 0
765 45 4 3 1
766 66 5 1 0
768 94 1 2 1
770 36 1 4 0
772 87 4 2 1
772 59 2 4 1
774 31 4 3 0
774 54 3 2 1
775 22 5 2 1
775 70 1 5 1
775 23 1 1 0
780 15 2 2 1
780 37 4 3 0
781 54 3 3 0
782 17 2 5 0
786 67 4 4 0
790 33 1 4 0
792 86 1 3 1
792 33 1 5 0
795 2 5 1 0
797 13 5 1 0
799 75 2 3 0
799 55 3 4 1
800 39 1 3 1
804 57 2 4 0
805 44 2 2 1
805 28 1 5 0
806 27 4 1 1
807 21 5 1 1
809 65 1 3 1
811 64 5 5 1
812 82 3 2 0
815 45 5 1 0
822 51 4 4 0
823 31 5 4 1
824 52 3 2 1
825 97 3 4 0
830 44 3 5 0
831 42 1 3 0
837 68 3 4 0
837 26 4 5 1
838 33 2 3 0
841 62 1 1 0
846 58 4 5 0
846 79 2 4 1
847 29 1 2 0
848 57 2 2 1
849 1 2 3 0
849 44 5 4 0
852 96 1 2 1
855 85 2 3 0
855 70 4 4 1
855 62 4 5 1
857 40 5 1 0
857 60 5 4 1
857 82 2 3 1
860 23 2 3 0
860 80 4 1 1
863 44 2 5 1
867 79 2 5 0
868 18 3 4 0
869 83 3 2 0
870 1 2 5 1
871 58 5 4 0
872 93 2 1 1
872 34 4 4 0
873 58 4 3 0
874 5 3 4 0
874 65 2 1 1
875 32 3 3 0
880 97 3 4 1
881 90 3 3 1
883 3 1 3 0
883 40 4 2 0
887 45 3 1 0
890 39 4 4 1
892 93 2 5 1
893 10 1 2 0
897 28 1 2 1
897 18 2 5 1
900 14 4 4 1
900 29 1 5 1
901 56 5 3 1
902 36 2 1 0
902 65 5 2 0
904 88 5 3 0
905 82 1 5 1
906 93 4 4 1
908 84 2 1 1
909 96 3 3 0
909 63 5 5 0
913 70 4 3 1
916 52 2 4 0
918 93 2 1 0
920 18 5 1 1
921 98 4 4 1
921 17 4 2 1
921 19 3 3 1
922 24 2 3 0
922 80 2 3 0
923 62 4 5 0
924 40 1 4 0
927 66 2 4 0
927 18 5 1 0
927 31 1 5 1
929 24 1 1 0
930 80 2 3 1
930 67 2 1 1
931 60 4 5 1
932 87 4 1 0
934 16 1 5 1
938 74 3 1 1
939 43 3 1 1
939 57 3 3 0
940 70 1 1 1
941 5 5 1 0
941 57 5 3 1
943 83 3 1 0
944 88 1 4 0
948 7 5 2 0
951 27 2 5 0
954 7 1 3 0
958 6 3 3 1
958 92 1 3 0
961 72 3 1 0
963 25 2 5 1
965 66 5 5 0
967 14 1 5 1
967 67 1 4 1
968 84 3 2 0
968 38 4 5 0
968 31 1 1 1
972 64 3 5 1
973 9 5 3 0
975 2 4 1 1
976 26 4 5 0
981 85 1 2 0
983 51 5 3 0
984 61 1 5 0
985 49 2 5 1
989 79 3 4 1
990 93 3 1 1
990 57 4 1 0
991 27 5 2 1
991 97 4 1 0
992 97 5 1 0
993 53 4 2 1
994 1 3 4 1
994 29 5 2 0
998 33 3 4 0
1000 13 1 2 0
1000 92 1 2 1
63 761
5 49 3 1 1
6 20 4 2 0
7 52 2 4 0
8 47 1 4 1
9 5 1 5 0
9 21 1 3 0
10 8 4 2 0
10 3 2 3 0
13 18 4 2 1
13 53 3 2 1
15 34 1 2 1
16 41 2 2 1
16 19 5 2 1
19 38 5 2 0
20 17 1 1 1
23 39 4 3 1
24 33 4 2 0
24 40 1 5 1
25 54 2 5 0
29 30 4 3 1
30 8 2 1 0
30 6 4 5 0
31 16 2 4 0
32 19 3 4 0
33 57 1 3 1
33 16 3 2 1
34 38 3 2 1
34 28 2 1 1
34 56 1 1 0
35 28 4 1 0
35 39 1 4 0
36 52 2 2 1
37 52 3 3 1
38 27 1 2 0
38 8 3 3 0
39 5 5 3 0
40 63 2 1 0
40 53 5 1 0
41 54 4 1 1
44 36 5 4 1
44 34 2 5 0
46 1 3 3 0
46 2 3 3 1
46 2 4 3 0
47 42 5 5 0
48 10 5 4 0
49 34 3 3 1
49 29 2 2 0
51 58 5 3 1
51 14 3 2 0
53 60 3 5 0
58 8 1 4 1
58 52 5 2 1
59 48 5 1 1
62 29 1 4 0
63 29 4 3 1
64 61 3 1 1
66 25 2 1 1
66 63 5 4 0
67 51 1 4 0
68 60 2 2 0
68 56 3 3 0
69 10 2 1 1
70 13 2 2 0
75 12 4 1 0
77 58 1 3 0
77 39 4 3 0
77 60 1 2 1
80 46 5 5 0
80 20 5 1 0
86 13 1 5 0
87 1 1 1 0
88 49 5 2 1
88 16 4 5 1
90 44 5 5 1
91 34 5 5 0
91 46 5 4 1
94 36 1 3 0
94 4 4 4 0
95 47 4 3 1
95 31 4 5 0
96 28 2 5 1
100 9 4 5 0
101 47 1 4 0
101 36 5 3 1
104 34 3 3 0
104 32 1 3 0
104 43 4 5 1
104 48 1 4 0
105 56 2 5 1
105 37 5 4 0
107 22 4 2 0
109 6 2 5 1
109 44 2 3 1
111 45 5 3 1
111 30 5 2 0
114 1 2 4 1
116 63 3 1 0
117 59 4 1 1
117 30 4 5 0
124 56 4 2 0
126 61 2 2 0
129 42 4 4 1
130 41 5 4 1
132 13 4 5 0
133 46 1 4 0
139 54 2 2 1
139 15 2 1 0
139 45 4 1 1
139 1 2 1 0
140 56 2 5 0
140 9 2 1 1
141 13 3 1 1
142 56 1 1 1
142 26 5 3 1
144 30 5 1 1
147 49 4 1 1
149 16 2 3 0
149 50 4 4 0
151 9 4 5 1
152 56 2 5 1
154 63 5 4 0
154 52 3 5 1
155 8 4 3 1
157 26 1 1 1
158 7 2 2 0
158 55 1 3 1
159 34 4 4 0
159 54 5 4 1
162 60 5 4 0
162 26 1 3 1
163 63 1 5 1
164 27 1 3 1
165 14 3 1 0
168 43 5 2 1
169 2 2 5 0
172 62 3 2 1
173 53 3 5 0
173 39 1 2 0
179 26 5 2 1
180 60 3 5 0
181 31 1 5 1
181 22 1 5 1
182 18 1 2 1
182 16 4 1 0
183 21 5 4 1
185 42 2 5 0
186 56 5 2 0
186 22 4 3 1
187 47 2 4 1
187 53 5 4 0
188 50 2 3 1
189 45 1 5 0
190 39 4 4 1
192 29 4 2 1
193 33 3 4 1
196 56 3 1 0
197 52 5 4 1
198 8 1 2 1
199 7 2 1 0
199 46 5 4 0
199 44 4 3 0
200 8 1 1 1
204 8 3 1 1
204 30 3 3 0
204 5 4 2 1
206 50 5 4 1
207 31 2 4 1
210 23 1 3 1
213 45 5 3 0
215 61 2 4 1
216 2 5 3 1
217 53 1 5 0
217 43 3 5 1
218 61 1 2 0
221 37 4 3 0
222 6 3 2 0
223 18 2 3 0
225 55 3 4 1
225 44 3 2 0
225 27 5 3 1
227 26 3 4 0
227 23 3 4 0
230 41 3 1 1
232 4 5 2 1
232 29 3 2 1
232 58 1 3 0
233 31 4 5 1
233 55 2 3 0
234 55 5 4 0
235 54 5 4 0
235 13 2 1 1
235 39 4 5 1
240 42 4 4 1
244 22 1 1 1
245 41 1 1 0
245 49 1 4 1
246 44 4 1 1
249 42 1 4 0
250 42 5 4 0
252 25 3 5 0
253 34 2 1 0
254 53 3 1 0
254 34 3 1 1
255 12 1 4 0
256 22 1 2 0
260 29 1 2 1
261 4 5 4 0
262 59 2 4 1
263 33 4 1 1
264 9 5 3 1
264 56 2 4 0
269 42 4 1 1
269 34 5 3 0
270 41 1 3 0
272 36 1 1 0
273 10 4 3 0
277 55 1 3 0
278 19 1 3 0
278 61 4 4 1
280 14 5 4 1
280 15 5 4 1
280 39 1 5 1
286 19 3 5 0
286 60 1 3 0
289 22 3 1 0
291 36 4 5 1
292 58 3 2 0
292 23 1 4 1
293 19 3 1 0
294 13 2 5 1
299 54 1 5 1
300 43 2 4 1
301 53 3 1 0
301 32 1 1 0
302 37 4 1 1
303 28 3 1 0
304 51 5 4 0
305 58 2 4 1
306 27 1 2 0
308 31 5 3 0
308 38 3 2 1
308 57 1 1 0
308 27 1 3 0
310 51 4 1 1
310 51 1 3 1
310 14 4 5 0
312 52 1 5 1
314 38 4 4 0
314 57 4 3 1
314 12 5 1 1
315 12 2 5 0
315 63 3 5 1
315 55 5 3 0
316 55 5 5 1
318 63 3 3 1
319 38 4 2 1
319 24 4 1 0
322 29 2 2 0
324 30 5 3 1
326 13 4 4 0
326 42 4 2 0
329 41 3 3 1
329 12 4 5 0
330 22 3 3 1
333 7 2 5 1
334 3 3 4 1
335 62 5 2 1
335 40 4 1 0
335 1 3 2 1
339 54 1 4 0
343 12 1 5 1
343 15 4 5 0
346 50 2 5 0
349 41 3 3 0
349 37 2 5 0
351 38 4 2 1
351 48 5 3 0
355 46 1 1 1
355 40 1 5 0
358 55 1 4 0
358 29 2 3 0
358 41 1 1 1
359 21 3 5 0
360 17 3 5 0
362 42 4 3 0
362 2 2 1 0
363 38 4 3 1
363 34 5 4 1
364 59 2 5 0
364 54 1 1 0
364 60 4 3 1
367 9 2 4 0
368 31 5 5 1
369 8 3 1 1
370 61 3 5 1
375 40 4 5 1
378 52 4 2 0
378 25 5 1 0
378 48 5 2 0
380 25 2 1 0
380 63 4 5 1
381 40 2 4 1
381 30 4 4 1
382 32 4 3 0
384 9 5 2 0
384 17 1 3 1
385 41 2 4 0
385 32 5 3 1
386 38 4 5 0
386 60 1 3 0
387 62 1 2 1
388 2 2 2 1
388 42 1 4 1
392 50 4 1 0
392 39 4 4 0
392 61 5 3 0
393 27 3 4 0
393 30 3 5 1
394 62 1 3 1
397 32 1 4 0
400 20 1 2 1
402 17 3 3 0
404 32 1 3 0
409 10 5 5 1
410 43 1 2 0
414 61 4 1 0
414 41 2 4 0
416 45 1 5 1
417 51 5 3 0
418 60 4 4 0
418 20 5 3 1
418 30 5 2 1
421 63 1 3 1
422 31 4 3 1
424 25 5 3 1
425 48 1 5 1
427 4 1 5 0
427 9 1 3 1
429 62 3 4 0
430 62 4 1 1
431 42 1 2 1
431 53 3 3 1
432 8 1 2 1
435 43 5 5 0
435 41 4 4 0
435 22 4 3 0
436 15 3 1 0
442 51 3 5 1
444 50 4 3 1
444 19 3 5 0
446 22 4 5 1
450 31 5 1 0
450 44 5 3 0
451 3 5 3 0
452 49 1 4 0
453 7 5 5 0
454 8 3 1 0
454 49 2 1 0
457 43 3 1 0
458 31 3 3 0
458 20 4 3 0
460 40 3 1 0
460 62 3 5 1
460 47 4 4 0
461 48 5 5 0
462 54 5 2 0
464 14 3 4 1
464 19 2 1 0
469 16 5 5 0
471 39 2 4 0
473 24 3 2 0
473 15 1 2 0
473 54 4 5 0
474 35 2 5 0
475 24 4 4 0
475 48 4 5 0
479 23 1 3 1
481 62 5 2 0
483 7 4 3 1
484 42 1 4 1
486 10 2 3 1
487 2 2 3 0
488 33 3 5 0
489 36 3 3 0
490 57 2 1 0
491 7 3 5 0
491 34 5 4 1
492 47 4 3 1
496 44 3 5 0
496 39 4 1 0
496 54 2 2 0
497 54 1 3 1
503 12 5 2 1
504 42 4 4 1
504 18 3 1 0
504 55 3 5 0
504 60 4 2 0
507 22 1 3 0
509 42 1 5 1
509 52 2 2 0
511 10 2 2 1
515 12 1 2 1
515 34 3 2 1
517 47 5 4 0
518 7 4 5 1
518 39 5 2 1
519 59 4 2 1
519 23 5 2 0
522 58 1 5 1
526 17 4 4 0
527 20 5 3 0
530 23 1 1 1
531 57 5 1 1
533 52 2 5 1
533 50 1 5 1
536 43 1 2 1
539 45 3 3 1
541 8 4 4 1
542 16 4 4 0
542 1 4 5 0
543 3 4 2 0
543 12 4 3 0
543 23 5 3 0
544 39 5 2 1
545 23 3 4 0
546 28 2 5 0
547 14 1 2 1
547 18 4 4 0
547 31 4 1 1
548 20 5 1 0
549 24 4 2 0
550 11 2 3 0
551 21 2 2 1
552 7 2 5 0
552 59 3 5 1
552 43 1 4 1
552 37 2 2 1
553 16 4 4 1
553 34 2 2 1
555 43 1 1 0
556 23 5 2 0
557 42 3 5 0
558 36 3 1 1
566 30 5 5 1
566 14 3 1 1
567 5 4 5 0
568 5 2 3 1
568 52 4 4 1
568 2 1 5 1
569 49 2 3 1
571 26 1 1 1
572 43 1 5 0
572 24 1 1 0
576 8 3 4 1
576 27 4 2 1
576 39 5 1 1
577 41 5 5 0
580 8 1 1 0
581 17 1 1 1
584 30 2 5 0
585 18 3 5 1
585 4 3 4 1
585 14 1 2 0
587 23 4 5 0
588 45 2 2 0
589 1 3 2 1
592 45 2 5 1
592 7 4 5 0
593 12 2 3 0
595 41 5 2 1
595 34 1 2 0
596 15 4 3 0
597 20 5 2 0
597 4 4 2 0
599 13 5 2 1
600 39 1 5 1
601 12 2 2 0
601 55 5 4 0
602 12 1 3 0
603 9 1 2 0
603 58 4 2 0
605 46 2 5 1
609 19 5 5 0
610 15 2 2 0
611 7 5 4 0
611 14 1 4 0
613 8 4 4 1
613 7 4 2 0
614 28 2 3 0
614 18 3 3 0
616 62 3 3 1
617 33 4 1 0
618 44 5 4 1
618 42 4 4 0
619 20 1 3 1
619 50 2 3 1
620 17 4 1 1
621 63 2 1 0
622 55 1 4 0
624 16 2 3 0
624 9 1 4 1
624 15 1 3 0
624 5 3 2 1
625 63 2 5 0
626 35 5 3 1
628 60 3 5 1
628 52 1 3 0
629 28 1 3 0
630 11 1 3 1
630 52 2 2 1
630 1 5 1 0
630 26 1 4 0
631 18 2 1 0
637 52 3 5 1
639 6 4 5 1
643 22 5 5 1
643 16 4 5 1
645 50 2 3 1
645 1 4 5 0
649 35 3 1 1
649 36 1 1 1
650 30 4 1 1
651 26 4 3 1
655 41 5 2 0
656 37 4 4 1
660 28 5 2 0
662 19 3 2 1
668 34 3 3 0
670 7 2 4 0
672 45 1 4 0
673 60 4 2 0
675 62 3 3 1
676 20 5 3 1
676 39 1 5 1
677 27 5 1 1
678 43 2 4 0
683 12 5 4 0
685 12 1 4 0
687 40 3 2 0
687 55 2 5 1
688 21 3 5 1
688 30 5 3 0
688 6 1 5 0
689 43 5 2 0
689 52 4 2 1
690 34 2 2 0
690 53 4 1 0
690 22 3 1 0
691 63 2 3 1
692 63 4 1 0
697 16 5 3 0
698 3 1 4 1
699 16 2 1 0
699 62 5 2 1
700 31 3 4 0
703 54 2 1 1
704 45 3 3 0
704 63 4 2 1
707 55 2 3 1
712 40 4 2 0
712 55 2 2 0
712 12 2 3 0
717 57 5 2 1
718 54 4 2 0
722 36 3 3 1
727 16 4 3 1
728 8 3 5 0
729 35 5 5 0
730 13 4 5 0
733 57 5 2 1
735 50 5 3 0
736 7 1 4 0
738 10 3 1 0
739 39 1 5 0
740 54 4 4 1
740 8 3 3 1
742 21 5 1 1
742 26 2 4 0
749 27 4 4 0
750 35 3 5 0
755 38 2 4 1
756 47 1 1 0
760 19 1 1 0
763 58 5 3 1
765 18 3 5 1
766 59 1 5 0
767 59 1 1 0
773 46 2 5 0
773 17 5 4 0
774 17 5 3 0
774 17 4 1 0
774 58 4 1 1
774 14 2 2 1
775 7 4 2 1
775 44 2 2 1
778 8 3 4 1
778 61 4 2 0
778 7 1 3 0
779 56 2 4 1
784 23 3 2 1
784 24 3 4 1
786 15 5 2 1
789 42 5 1 1
789 49 5 1 0
792 13 5 3 0
792 38 1 1 1
796 32 1 1 1
797 55 3 1 0
799 18 2 4 0
799 48 4 5 1
799 48 1 2 1
801 43 5 5 0
805 18 1 4 1
808 61 4 5 1
810 30 2 5 0
811 38 4 3 0
814 7 4 2 0
814 62 2 2 0
815 2 3 4 0
816 55 3 4 0
817 16 3 5 1
820 10 3 1 0
821 31 1 2 1
823 37 4 5 1
826 39 1 2 0
828 9 3 3 0
834 23 2 2 0
837 13 3 2 0
838 20 4 1 0
842 1 5 3 1
844 40 4 4 0
844 54 3 5 1
845 11 4 3 0
846 60 1 3 1
847 52 5 2 1
849 51 5 3 0
851 21 1 2 0
852 30 2 5 0
852 9 3 3 1
853 31 5 5 1
853 61 2 1 1
854 51 5 3 0
854 21 2 4 0
855 10 3 3 0
856 13 3 1 1
859 20 3 2 1
859 16 3 2 0
862 34 5 2 0
865 30 5 2 1
868 36 2 5 1
868 52 2 1 0
871 7 3 3 0
871 51 4 5 0
873 54 3 3 1
873 17 4 4 1
874 6 3 4 1
876 33 2 5 1
879 45 3 3 1
880 30 2 5 1
880 44 3 5 1
881 24 2 3 1
888 42 3 5 0
890 61 2 4 0
892 46 3 4 0
896 53 5 4 0
897 60 4 3 0
898 33 1 2 1
898 45 1 1 0
899 17 1 3 0
901 11 5 1 0
905 37 3 5 1
907 58 5 1 1
908 17 4 2 1
910 20 2 1 0
910 48 1 3 1
910 14 2 1 1
911 31 4 1 1
914 10 2 4 0
914 13 5 2 0
914 63 5 2 0
915 8 5 5 0
915 9 3 5 0
917 13 3 3 1
918 53 4 1 0
918 44 2 5 1
919 36 4 3 0
921 16 5 1 0
924 20 4 4 1
928 22 2 1 0
928 59 5 3 0
931 36 5 5 1
933 13 3 5 0
933 24 3 3 0
934 7 1 1 0
938 2 2 1 0
939 40 2 1 0
939 24 1 4 0
942 48 1 4 0
942 4 3 5 0
944 5 2 5 1
945 28 1 3 0
945 62 4 4 0
948 2 2 3 1
948 54 3 4 1
949 44 2 2 1
950 58 2 4 1
951 7 2 4 1
953 62 3 5 1
953 61 2 1 1
954 26 4 3 1
954 60 2 5 0
954 54 1 4 0
955 51 5 3 1
955 10 3 1 1
957 52 4 2 1
958 40 1 3 1
959 16 2 5 0
960 47 4 3 0
961 19 1 3 0
962 56 3 4 1
963 9 4 4 0
963 12 1 5 1
966 8 4 1 0
967 5 1 3 1
967 39 4 5 1
967 59 2 2 0
968 48 4 4 1
968 62 5 5 1
970 3 1 1 1
970 10 5 2 1
972 50 5 1 1
973 56 3 2 1
974 62 4 3 1
976 10 5 1 0
976 35 1 2 0
977 10 2 4 1
978 32 3 5 1
980 51 4 2 0
981 4 5 1 1
982 20 2 2 1
983 56 5 4 0
983 35 4 2 0
983 19 1 5 1
984 31 2 3 1
985 14 1 5 1
985 17 3 2 0
985 57 5 5 1
987 5 5 4 0
988 61 4 1 1
992 50 1 5 1
992 51 3 5 0
992 44 1 5 1
992 11 3 4 0
993 61 3 5 0
994 63 1 2 0
995 34 2 1 0
998 19 4 3 1
998 36 3 3 0
999 17 3 3 0
1000 37 1 4 1
96 903
1 48 4 1 0
2 14 3 2 1
3 16 5 3 1
3 12 1 4 0
4 74 5 5 0
4 37 2 3 0
5 34 4 5 1
5 85 5 2 0
5 44 1 3 1
8 66 1 1 1
9 54 1 2 0
10 77 4 1 0
14 30 4 5 1
14 87 1 1 1
15 31 4 1 0
15 24 3 5 1
15 65 3 3 0
15 75 1 5 0
19 60 3 4 0
19 95 1 5 0
24 88 3 4 0
25 62 5 1 0
25 90 5 1 1
28 87 4 3 0
30 2 2 5 1
31 38 2 3 1
32 73 5 4 0
32 73 5 4 0
33 72 3 2 0
35 52 4 3 1
37 95 2 1 0
37 70 3 3 1
40 30 3 3 1
41 63 5 2 1
42 23 1 4 1
43 22 2 5 0
47 48 1 4 0
47 87 2 3 0
47 92 1 2 1
49 45 5 3 0
50 63 3 3 0
51 41 4 2 0
52 40 2 5 1
52 48 3 3 1
52 70 1 3 1
52 35 5 3 0
53 8 2 3 1
54 88 5 1 0
55 48 2 3 1
55 37 3 4 0
56 52 4 3 0
57 29 1 4 0
58 12 3 2 0
59 80 4 4 0
59 20 5 5 1
60 2 3 2 0
60 81 2 4 1
61 82 5 5 0
61 8 1 5 1
61 30 5 5 1
61 81 5 1 1
61 78 5 2 0
64 28 4 1 1
65 14 5 5 0
65 12 4 2 0
68 84 5 1 0
69 30 5 3 1
69 23 1 4 0
69 73 3 1 1
71 23 3 1 1
71 74 5 2 0
74 85 1 2 1
76 4 4 1 1
77 63 2 3 0
77 35 1 4 1
77 4 2 2 0
78 21 5 2 1
79 38 4 3 0
82 45 2 5 0
83 5 5 2 0
85 77 1 2 0
85 77 1 2 1
86 70 5 2 1
86 81 5 3 0
86 56 1 5 1
89 40 5 2 0
90 60 1 5 1
90 2 2 3 1
90 46 5 3 1
91 87 1 2 1
92 84 5 3 0
92 46 5 4 1
93 93 2 4 1
94 90 2 2 0
95 27 3 4 0
99 14 4 3 0
99 64 2 4 0
100 19 2 2 0
102 48 2 1 1
102 79 2 5 0
104 12 4 4 0
106 95 2 4 1
107 7 3 2 1
108 47 3 2 1
108 5 1 1 1
110 57 5 1 1
110 17 4 3 1
111 78 3 1 1
112 28 3 1 0
115 90 4 2 1
115 36 1 5 0
116 53 2 4 1
117 51 5 5 1
121 95 4 5 1
121 60 3 4 1
124 52 1 2 1
124 15 5 4 0
124 72 4 4 1
124 14 3 2 0
126 58 5 1 1
128 17 2 2 1
130 29 2 3 0
132 10 4 1 1
132 66 4 5 1
133 8 1 3 1
133 25 2 2 0
135 74 4 1 0
139 90 4 4 1
139 27 2 4 0
141 89 5 3 1
141 59 3 5 1
143 17 4 3 1
146 60 3 3 1
146 87 2 4 1
147 7 5 4 1
148 68 5 4 0
149 20 3 1 0
150 23 3 1 0
154 17 1 2 0
154 80 3 4 1
155 72 5 2 1
155 93 5 5 0
156 35 3 2 0
158 33 3 3 0
160 49 3 5 0
165 85 5 5 1
167 16 2 5 0
168 11 3 3 0
170 75 3 4 1
170 64 5 2 0
172 69 1 4 0
173 18 5 2 1
173 70 4 4 0
176 44 5 1 1
176 85 3 4 0
177 68 2 2 0
183 31 2 5 0
183 44 1 4 0
184 34 4 4 1
184 92 3 2 0
185 14 1 1 1
185 95 5 3 1
185 80 2 4 1
186 11 3 4 1
188 65 1 4 1
189 39 2 4 1
190 50 4 3 1
191 34 1 5 0
191 40 3 1 0
191 34 3 2 0
192 40 5 2 1
194 93 4 3 1
195 9 4 4 1
196 73 4 5 1
197 29 5 3 0
199 66 2 5 1
200 19 2 5 1
204 77 3 3 1
204 80 4 1 0
206 28 5 3 0
207 51 4 1 0
207 87 5 2 0
208 87 3 4 0
209 51 3 4 0
213 42 1 3 1
214 95 4 2 0
215 89 4 3 0
215 17 4 5 1
216 69 4 2 1
216 87 4 3 1
217 66 2 2 0
218 31 2 1 1
219 82 3 4 1
220 12 4 5 1
221 94 3 3 1
223 61 5 4 0
224 17 4 1 0
224 67 2 3 1
225 91 4 2 1
226 74 5 3 1
227 45 3 3 1
228 19 4 4 1
228 3 2 3 0
228 77 1 2 0
229 63 2 2 0
229 34 3 5 1
229 31 5 2 0
229 85 1 2 0
230 72 5 1 1
231 79 5 1 0
233 9 1 2 1
233 35 4 2 1
234 68 5 4 0
234 60 3 5 1
235 25 5 5 0
237 63 3 3 0
237 87 5 5 1
237 88 1 4 1
239 93 5 3 1
239 70 4 3 1
239 49 3 4 0
240 74 1 3 0
241 23 2 5 0
242 73 4 4 0
242 55 1 1 1
248 93 1 3 1
248 92 3 5 0
249 67 4 1 1
249 32 1 5 0
250 36 1 5 1
251 14 1 1 0
251 35 1 2 0
251 51 1 4 0
252 7 3 4 0
253 81 1 1 0
253 43 1 2 1
254 55 2 1 1
255 84 1 4 1
256 76 4 2 1
256 64 1 4 0
256 94 5 1 1
258 42 3 2 0
260 48 1 4 0
263 34 2 4 1
264 81 2 5 0
269 65 4 2 0
272 69 3 2 0
274 68 5 3 0
274 74 5 5 0
275 51 3 3 0
277 15 2 5 1
278 65 4 4 0
282 36 5 5 0
284 82 2 3 1
285 63 4 5 0
285 82 2 5 0
286 49 2 1 0
286 56 4 3 0
286 20 4 3 1
289 17 1 3 1
290 85 5 5 0
292 28 3 3 0
293 21 2 5 0
293 5 2 5 0
293 18 3 3 0
293 50 4 3 1
294 32 1 4 0
296 59 3 5 0
296 42 5 3 0
297 83 1 5 0
298 26 3 5 0
298 42 5 4 0
299 96 1 1 0
300 91 4 4 0
302 57 2 3 1
302 32 1 3 0
304 50 4 5 1
304 25 1 1 1
305 79 2 3 0
307 55 4 2 1
307 15 1 1 0
308 28 4 3 0
309 70 5 2 0
310 27 3 4 0
310 19 5 3 0
311 62 1 1 1
312 14 5 2 1
313 71 5 5 0
315 52 1 3 0
315 7 3 4 1
316 67 5 3 0
316 62 4 3 0
318 62 5 1 1
319 5 3 1 0
319 81 1 4 0
325 74 2 4 1
326 2 1 4 0
326 68 4 4 0
327 77 5 4 1
328 34 5 1 1
330 90 4 4 1
331 88 3 2 0
332 54 2 3 0
332 83 2 1 1
332 78 1 4 0
333 14 4 2 1
333 1 1 3 0
333 27 4 1 0
334 96 3 4 0
336 36 4 2 0
338 21 3 4 0
338 7 1 2 1
343 49 1 1 0
343 39 3 1 1
345 74 2 3 1
345 31 2 4 1
346 70 5 4 1
346 26 5 3 1
347 49 3 5 0
348 79 5 3 0
348 57 3 5 1
349 43 4 1 1
350 53 4 1 1
350 57 1 4 0
352 27 2 5 1
354 8 5 2 0
355 23 2 4 0
356 13 1 2 1
357 40 2 2 0
358 56 1 1 1
358 90 4 1 0
360 38 2 4 0
362 17 3 5 0
362 90 2 3 1
363 65 5 5 0
365 89 5 2 1
366 55 2 4 0
366 88 3 1 1
369 34 1 2 0
370 57 3 3 1
371 13 4 2 0
373 90 1 3 0
375 43 5 1 0
377 19 3 5 0
380 66 4 1 0
381 87 5 1 1
381 79 2 5 1
382 91 3 5 0
382 33 5 4 1
383 82 2 5 1
383 40 3 3 0
386 46 1 2 0
387 91 3 2 1
388 66 4 4 1
389 62 1 5 1
391 1 4 5 1
392 44 5 1 0
393 69 3 3 0
396 12 1 3 1
396 56 2 4 0
398 22 5 4 0
399 88 2 1 1
402 32 4 5 0
402 72 3 4 0
402 23 5 5 0
403 35 5 1 1
403 28 1 2 1
405 30 3 4 1
407 91 5 3 0
407 62 5 5 0
408 55 1 1 1
409 64 1 5 0
410 5 1 4 0
411 17 5 3 1
411 19 2 4 0
413 52 5 4 1
413 87 5 3 1
413 39 3 1 0
414 48 1 1 0
415 59 1 2 1
416 13 4 5 0
417 41 1 4 1
420 20 4 5 1
421 66 4 4 0
423 53 3 3 0
423 81 1 3 0
424 27 3 2 1
424 62 3 4 1
426 47 4 1 1
427 15 4 4 0
429 29 4 2 1
429 96 4 3 1
430 63 1 4 1
431 61 1 3 1
432 33 3 5 0
433 7 1 2 0
436 43 3 2 1
439 30 5 4 1
440 74 3 5 0
442 94 2 5 1
443 75 1 1 1
444 58 4 1 0
445 90 4 2 0
448 10 5 5 1
448 5 2 2 1
449 80 2 3 1
450 54 5 3 1
451 3 1 1 0
451 82 2 2 0
453 85 2 5 0
456 23 2 4 1
456 56 3 1 1
458 24 4 4 1
459 83 2 1 0
460 78 3 4 1
460 55 5 2 1
462 15 2 5 0
462 19 4 2 0
463 13 2 1 1
468 27 4 1 1
469 1 4 3 1
470 12 2 5 0
471 80 3 1 0
472 22 1 2 1
472 85 2 4 1
473 6 3 4 1
473 10 3 4 0
473 52 5 3 0
474 32 2 4 1
475 40 2 5 0
479 8 3 2 1
479 57 3 2 1
480 11 4 4 1
480 59 1 5 1
480 68 2 5 1
481 71 1 3 1
481 78 5 1 1
482 55 5 4 0
486 33 5 2 0
488 11 5 4 1
490 36 3 3 0
493 65 5 3 1
493 42 2 4 1
494 66 3 5 0
495 61 2 5 1
495 12 3 4 0
497 55 3 3 0
497 90 4 3 1
497 11 1 3 1
498 83 1 2 0
498 41 3 3 0
498 77 4 5 1
499 46 4 2 1
501 33 4 1 1
502 34 5 5 1
503 59 3 5 0
504 10 2 1 0
504 68 3 1 0
504 20 4 2 1
504 28 3 5 0
505 49 1 1 0
506 4 4 1 1
507 45 5 5 1
510 4 1 5 0
511 10 3 1 1
513 69 5 2 1
514 92 4 2 1
514 17 2 5 1
514 69 4 5 1
517 57 2 4 0
520 63 4 5 1
520 77 5 1 1
523 55 5 1 1
523 38 3 2 1
523 28 5 2 0
523 9 3 2 1
528 60 4 4 0
529 85 5 1 0
529 64 3 5 1
530 40 3 5 1
532 33 1 4 1
533 82 1 2 1
533 40 1 4 0
533 49 3 2 0
534 23 1 3 1
536 63 2 5 1
538 15 1 5 0
538 40 4 2 0
539 67 1 3 1
539 7 2 1 0
540 76 3 2 1
543 89 1 4 1
543 12 5 1 0
544 66 4 1 0
546 73 2 1 1
546 20 2 5 0
546 4 2 3 0
550 38 1 2 1
550 34 3 2 0
551 85 2 1 1
551 50 1 5 1
553 66 2 1 0
553 43 4 5 0
554 32 1 1 1
554 12 5 1 1
554 83 2 3 0
556 5 2 2 1
559 90 5 4 0
560 17 5 3 0
560 60 4 4 0
561 27 5 5 1
561 6 5 5 0
562 15 2 2 0
563 12 5 4 0
563 53 3 4 1
564 57 2 4 0
565 66 1 1 1
566 94 3 3 0
566 76 3 1 0
567 61 3 4 1
568 90 3 3 0
571 38 1 1 0
571 25 1 1 1
572 47 1 1 1
572 13 5 1 1
573 62 4 5 0
574 56 2 4 1
574 19 2 2 0
574 44 2 4 0
575 83 5 3 0
576 51 3 1 1
578 93 3 4 1
582 73 2 4 1
583 17 2 3 0
584 61 3 2 1
584 94 4 4 0
586 92 2 3 0
587 32 2 2 0
590 74 3 5 0
593 41 2 3 0
593 13 3 1 0
596 69 3 5 0
597 68 4 3 1
598 55 3 3 1
600 51 4 1 0
601 54 3 4 0
601 62 2 5 1
602 46 2 2 0
602 19 2 4 0
602 88 3 1 1
603 90 4 1 1
604 23 3 4 0
605 65 2 4 0
605 60 2 2 1
606 82 2 4 0
607 68 1 3 1
607 65 5 4 1
608 40 1 3 0
609 93 2 4 0
609 84 1 1 1
612 93 1 5 1
614 65 5 5 0
614 35 2 4 1
615 17 3 3 0
619 52 4 4 0
619 80 4 3 0
621 13 2 4 0
621 92 1 5 1
621 7 4 2 0
622 50 4 1 0
624 51 4 1 1
626 46 5 4 1
628 20 2 2 0
629 46 2 1 0
630 75 1 2 0
631 61 5 5 1
632 37 1 2 0
632 14 2 2 0
633 29 5 4 1
633 96 1 5 0
633 59 5 4 1
634 29 4 2 1
634 16 2 3 0
637 56 4 2 0
641 6 4 2 1
642 70 5 2 1
642 87 4 1 0
643 19 2 3 1
643 39 2 5 0
644 81 5 5 1
647 4 5 1 1
649 74 3 2 0
649 88 5 4 1
651 19 4 1 0
652 70 2 5 0
653 82 2 1 1
653 70 4 5 0
655 93 5 5 1
655 79 1 1 1
656 23 5 2 0
657 48 1 5 1
659 35 5 1 0
659 92 5 2 1
660 66 3 5 1
662 61 4 5 1
666 78 5 5 1
666 20 5 2 0
667 37 4 4 1
668 45 3 3 1
670 7 3 3 0
672 82 4 1 0
672 1 4 2 0
675 59 4 4 0
677 8 1 3 1
678 33 3 4 1
679 92 3 1 0
680 76 1 3 0
680 18 4 1 0
680 15 4 1 1
682 41 1 5 1
683 49 3 1 0
683 82 1 3 1
683 22 5 5 0
684 14 3 2 1
684 47 2 4 0
684 92 2 4 0
685 27 2 3 1
687 43 3 3 0
687 25 5 5 0
687 40 1 5 1
687 5 4 5 1
688 71 5 4 0
688 78 4 5 1
690 30 2 4 0
691 73 5 2 1
694 55 1 2 0
695 79 2 2 1
695 64 2 3 0
697 10 3 3 1
697 51 4 2 1
697 1 5 3 0
697 71 2 4 1
698 6 2 3 0
698 82 4 2 0
699 42 5 5 1
700 57 1 3 1
701 75 3 3 1
703 49 4 3 1
703 3 2 4 0
703 39 3 5 0
706 57 1 1 0
707 70 4 5 1
707 55 5 1 1
707 40 3 3 1
711 95 3 2 0
716 78 4 4 1
717 77 3 3 1
717 54 5 4 0
718 75 3 1 1
718 44 2 5 1
719 90 1 3 0
721 43 4 4 1
721 1 1 1 0
722 1 4 5 1
722 29 3 2 1
724 23 4 5 0
727 72 4 1 1
728 42 3 4 1
728 56 2 1 1
729 6 2 2 1
729 76 2 5 0
729 24 2 3 0
730 70 4 1 0
730 58 5 3 0
730 24 3 2 0
731 31 3 3 1
733 80 1 1 0
734 91 1 1 1
735 76 4 4 0
737 10 1 3 1
737 89 3 4 0
738 22 5 5 1
738 60 1 2 0
739 80 3 5 0
740 58 1 3 0
740 67 2 1 1
742 45 1 3 1
742 55 1 4 1
742 45 5 5 1
744 59 1 5 1
748 29 1 4 0
749 67 2 5 1
750 52 2 2 1
750 9 3 4 0
750 1 1 2 0
752 51 1 5 0
752 3 4 5 0
752 59 2 5 1
753 46 4 3 1
753 71 4 3 1
754 21 2 1 0
754 10 3 5 1
757 85 3 3 0
759 83 3 5 0
760 39 3 3 0
761 23 1 5 0
762 49 1 3 1
762 66 4 4 1
762 30 1 5 1
765 66 5 3 0
765 65 4 5 0
767 37 3 5 0
767 87 2 1 0
768 49 2 2 0
769 96 4 2 1
769 30 4 2 0
770 10 4 2 0
770 69 4 1 0
770 88 5 2 0
772 50 1 3 1
774 15 3 5 0
776 64 5 1 0
777 15 1 5 0
778 65 2 2 1
778 64 3 2 0
779 5 2 3 0
779 30 3 2 1
780 82 3 4 0
783 91 5 2 1
784 15 2 3 0
784 24 5 5 0
785 14 3 1 0
786 4 4 2 0
786 33 2 5 1
787 60 2 4 1
787 27 2 4 0
787 84 1 1 0
790 57 2 5 1
791 71 1 4 1
791 7 4 4 1
793 84 5 3 0
793 1 4 4 1
797 1 1 2 1
798 73 3 4 1
799 20 3 1 1
800 35 4 4 1
802 9 3 3 1
803 32 3 5 1
803 30 4 1 0
804 18 5 2 1
805 43 4 3 1
806 69 5 1 0
810 58 3 5 1
812 69 5 3 0
813 54 2 2 1
813 37 2 3 1
816 12 1 2 0
818 62 5 5 0
818 74 4 3 1
819 67 1 2 1
819 19 4 2 1
820 67 2 2 1
820 59 5 4 0
821 68 4 1 0
823 4 2 4 1
825 68 2 3 1
825 18 3 3 1
825 24 1 5 1
827 68 4 4 1
829 56 5 2 1
830 77 1 2 1
831 70 1 2 1
831 6 4 3 1
832 45 1 2 0
833 87 4 4 0
834 38 5 3 0
835 73 4 1 0
836 58 1 3 0
836 37 1 4 0
837 13 3 1 0
838 41 4 4 1
838 77 5 1 1
839 86 4 1 1
839 5 4 4 1
839 87 2 4 1
840 29 3 4 0
841 28 5 1 1
842 55 2 3 1
842 10 5 1 1
843 86 2 3 0
845 90 1 3 1
848 11 3 1 0
849 13 2 2 1
850 53 2 2 1
851 12 5 5 1
853 43 3 4 1
853 52 2 2 1
854 75 5 2 1
854 86 2 5 0
854 75 5 4 1
855 78 2 1 0
857 34 3 1 0
858 24 4 1 0
859 87 1 3 0
859 20 5 4 0
860 25 3 5 1
860 84 5 1 0
861 17 4 3 1
862 84 1 3 0
863 91 4 4 1
864 51 4 3 0
866 50 1 4 0
868 89 5 1 1
869 26 5 1 1
869 36 4 2 1
871 91 3 4 1
874 80 1 2 1
877 15 2 4 0
880 96 2 3 0
880 3 1 2 1
881 24 2 1 0
881 94 5 5 0
882 72 1 2 0
886 15 5 1 0
888 19 1 5 1
891 69 4 4 0
900 35 2 4 1
900 14 1 4 1
902 60 4 3 0
902 78 3 5 0
902 77 4 4 1
908 67 4 2 1
908 52 1 5 0
909 33 3 5 1
910 68 2 4 0
914 84 2 2 1
915 28 3 1 1
916 24 5 3 0
918 65 4 5 0
920 35 4 2 0
921 47 2 2 1
923 17 2 5 1
923 18 3 1 0
924 89 5 3 1
924 94 1 3 1
925 73 3 1 1
927 89 4 3 0
927 33 1 1 1
928 51 4 3 1
931 69 1 1 1
933 54 1 1 0
933 93 1 5 1
935 46 4 3 0
936 57 2 3 0
936 53 5 5 1
938 30 5 1 0
939 73 5 1 1
939 43 4 3 0
942 18 3 3 0
942 15 4 5 0
944 16 5 2 0
948 14 2 1 1
948 12 1 2 0
949 43 4 2 1
951 87 4 2 1
952 21 5 4 1
953 56 2 1 0
955 53 5 5 0
958 75 3 5 1
959 29 3 2 1
963 91 1 3 0
963 74 5 1 0
964 84 2 2 1
966 67 3 2 0
970 10 3 3 0
971 39 1 4 0
971 62 5 5 0
973 88 2 2 1
973 85 3 5 1
975 81 1 2 0
975 20 4 2 0
981 19 1 3 1
981 3 4 4 0
983 52 3 3 1
984 87 3 5 0
985 63 1 1 1
987 7 3 1 0
987 60 4 1 1
987 10 5 3 1
988 25 2 3 0
988 46 1 2 0
989 76 1 5 1
990 31 2 1 0
994 46 4 4 0
995 69 2 5 1
995 2 2 4 0
996 25 2 1 1
996 10 5 1 0
997 8 1 2 0
997 22 4 1 1
998 16 4 2 1
999 89 2 4 1
999 92 2 4 1
81 926
7 15 5 3 1
7 51 1 5 1
7 75 3 1 1
7 32 4 5 1
8 10 3 4 1
8 36 5 1 0
9 43 2 4 1
10 14 4 5 0
11 28 2 4 1
11 75 4 1 0
13 22 1 4 1
14 22 3 3 0
15 1 3 4 1
16 33 5 1 1
17 56 4 5 0
18 68 5 3 0
18 32 3 1 1
19 23 1 3 0
20 10 1 3 1
21 1 1 2 0
21 37 3 1 1
21 38 5 4 1
22 58 3 3 0
23 78 4 4 0
24 48 4 1 0
24 55 3 2 1
25 17 1 2 0
25 17 3 3 0
25 77 5 3 1
25 49 1 5 0
26 53 3 2 1
28 10 4 1 1
28 18 5 4 0
30 70 3 4 1
30 36 4 4 1
30 51 5 3 0
31 15 4 5 1
32 28 5 5 1
34 67 2 2 0
35 25 5 4 1
37 33 4 1 1
37 9 1 4 0
37 75 1 5 1
37 15 3 3 0
38 66 5 2 1
38 30 4 5 1
38 60 3 5 0
39 31 4 4 1
40 35 3 5 0
40 7 1 4 1
41 9 4 1 0
41 77 5 3 1
42 51 2 2 0
43 37 5 5 1
45 51 4 3 0
45 21 2 5 0
46 1 2 2 0
47 18 2 5 0
48 26 2 3 1
48 6 5 1 1
51 46 4 3 1
52 7 3 2 0
55 49 3 1 0
56 44 1 2 1
57 65 4 4 0
59 43 2 4 0
60 25 2 5 0
61 43 1 3 0
61 57 4 1 0
62 37 3 4 1
65 67 1 4 0
67 27 1 3 0
67 74 1 2 1
70 75 2 1 1
72 80 5 2 0
73 47 3 1 0
74 31 2 1 1
75 12 5 1 1
77 51 4 5 0
77 26 2 3 0
78 49 1 5 0
78 57 5 3 1
81 72 4 3 0
82 35 4 5 1
84 54 5 3 1
88 45 4 3 0
88 72 5 1 1
89 14 3 4 1
89 61 4 5 0
90 73 3 2 0
91 25 4 5 0
91 66 1 5 0
91 74 5 1 1
93 47 3 3 0
94 14 4 5 0
95 46 1 2 1
95 65 2 2 0
95 20 2 4 1
99 12 4 2 1
101 80 4 3 1
101 55 2 4 0
101 77 1 1 0
101 79 2 1 0
102 34 1 3 1
106 67 1 1 1
108 67 2 2 1
109 16 4 2 1
110 49 3 4 0
111 16 5 4 1
111 20 2 4 1
112 27 4 3 1
113 63 5 4 1
114 27 1 4 0
114 41 4 1 0
115 70 4 2 1
115 81 5 3 0
116 35 1 5 1
119 55 3 4 0
119 52 3 3 1
120 59 4 3 0
120 67 3 2 1
121 67 1 3 1
126 44 3 1 0
126 44 3 2 0
127 62 2 2 0
128 23 2 1 1
131 80 1 5 1
133 10 1 5 1
134 73 3 4 0
134 73 2 4 0
135 77 5 4 0
136 49 3 1 1
138 16 2 4 1
138 36 4 2 1
139 22 4 5 0
140 56 5 4 0
141 74 2 2 1
141 23 4 4 1
141 3 2 3 1
142 31 2 2 0
144 55 4 2 0
145 39 1 4 1
145 78 2 1 1
145 61 5 5 1
148 42 3 5 0
150 54 3 5 0
151 9 3 4 0
152 22 2 4 1
154 63 2 4 0
154 81 3 4 1
156 61 2 1 0
158 26 2 3 1
158 24 5 5 0
159 63 2 5 0
159 52 2 3 0
160 4 1 5 0
161 79 2 4 0
161 1 2 4 0
164 40 3 4 1
164 22 3 3 0
164 4 1 3 1
165 27 4 2 1
166 12 3 3 0
167 1 2 1 0
168 79 5 4 1
168 36 3 4 0
170 24 4 3 1
171 36 3 4 1
172 78 2 4 1
172 40 5 5 0
174 52 2 4 1
176 37 4 3 0
176 42 4 3 0
178 71 1 5 0
178 45 3 4 0
178 74 1 3 1
179 48 4 2 0
181 61 4 2 1
182 59 1 2 0
185 76 2 5 1
186 47 2 1 1
186 71 5 5 1
187 69 3 1 0
187 62 2 1 1
187 35 3 4 1
188 2 2 2 1
191 73 1 4 1
193 71 1 5 0
193 44 3 1 1
194 30 2 3 0
194 57 3 4 1
200 36 1 3 0
204 2 5 5 0
205 1 2 3 0
205 69 1 1 0
207 39 2 1 1
209 52 3 5 1
211 7 2 2 1
212 58 4 2 1
212 53 3 4 1
212 17 1 4 0
214 49 1 1 1
215 78 3 2 1
216 31 1 4 0
220 18 3 4 1
221 76 4 5 0
223 77 1 4 0
224 56 5 3 1
225 66 5 3 1
227 66 1 5 0
229 37 5 5 1
229 44 4 5 0
231 21 4 3 1
232 71 3 5 1
233 37 4 4 1
233 49 1 1 0
235 66 4 1 0
236 65 5 2 0
236 28 4 4 0
237 31 2 5 1
237 44 2 1 0
238 36 3 5 1
238 70 2 5 0
239 20 1 5 0
241 80 3 1 1
241 3 4 1 0
242 8 2 3 1
242 46 2 5 1
243 30 1 5 1
244 75 4 5 0
245 21 5 5 0
247 40 1 2 0
247 26 2 1 1
247 56 1 5 1
252 44 4 1 1
254 41 1 1 0
254 11 3 4 1
257 38 4 1 0
260 75 2 4 0
263 13 3 5 0
265 57 3 4 1
265 14 4 1 1
265 46 1 4 1
266 77 5 2 1
268 22 5 1 0
269 20 1 2 0
269 36 5 5 0
270 64 5 4 1
270 65 5 4 0
278 79 3 1 0
280 51 2 4 0
280 23 3 2 1
283 36 5 4 1
284 68 4 3 0
284 63 1 1 0
285 20 5 1 1
285 60 2 5 1
287 3 4 3 1
290 69 1 4 1
290 3 1 1 0
291 81 3 4 0
293 18 2 4 0
294 16 1 2 0
294 77 5 5 1
295 36 3 5 0
298 22 5 4 1
301 61 5 4 0
301 2 3 1 0
301 37 1 1 0
302 80 4 5 1
305 71 4 3 1
306 72 1 5 0
308 3 2 1 1
308 34 2 2 1
311 76 1 5 1
311 5 5 5 0
311 13 2 4 0
313 68 2 3 1
313 63 2 1 0
313 5 5 1 0
315 79 5 5 0
315 29 5 1 0
317 62 2 4 0
320 26 3 3 1
320 49 4 2 1
320 23 4 5 0
320 60 2 1 1
323 44 1 5 0
324 47 2 4 0
324 67 1 3 1
325 30 1 5 1
325 44 4 4 1
325 19 4 4 0
327 13 3 5 1
328 69 1 4 0
329 14 3 1 1
330 69 4 4 1
331 63 5 5 1
332 33 5 1 0
333 34 2 1 0
334 81 5 4 0
337 24 2 1 0
337 54 2 3 0
338 9 3 2 0
338 6 1 1 0
338 26 4 4 1
339 38 5 3 0
340 22 4 4 1
340 24 2 2 1
341 52 1 2 0
342 39 3 2 0
342 22 5 2 1
343 50 3 5 1
344 53 3 3 0
344 35 2 1 1
346 57 1 4 1
347 48 1 3 0
347 65 5 3 0
348 15 4 4 0
349 34 3 1 0
350 22 5 4 1
350 5 5 2 1
351 60 1 5 0
351 79 4 5 0
352 25 3 2 1
352 7 4 3 1
352 31 3 1 0
352 18 1 5 0
354 81 5 1 0
354 67 4 2 1
354 15 1 1 0
355 33 5 5 1
356 17 3 4 0
357 53 2 3 0
360 21 3 3 1
361 65 1 1 0
361 46 5 3 1
361 26 5 2 0
362 44 2 1 0
363 27 5 5 1
364 40 3 5 0
367 49 4 3 0
368 25 5 2 0
368 54 2 1 0
370 9 5 4 0
374 8 1 5 0
375 59 4 1 0
376 75 5 1 1
377 7 1 5 1
378 16 2 5 0
379 50 2 3 0
382 46 5 3 1
382 22 3 1 0
382 71 2 2 1
383 81 3 1 0
386 44 4 5 0
389 78 4 4 1
390 19 5 3 1
391 56 4 1 0
391 43 5 2 1
392 9 4 4 1
394 50 5 5 1
395 52 3 3 0
395 19 5 1 1
395 80 1 5 0
395 47 1 4 0
400 25 3 5 0
401 54 4 4 1
402 63 2 3 1
404 27 1 5 1
405 18 5 1 1
405 13 4 1 1
408 73 1 3 1
409 60 4 5 0
409 40 1 4 1
412 1 4 1 0
413 58 3 4 1
415 14 5 1 1
415 11 1 2 0
416 37 1 4 1
417 77 5 4 1
417 55 5 3 0
418 1 3 2 0
421 70 3 1 0
422 74 1 3 1
424 27 5 1 0
425 77 1 3 1
425 2 4 4 1
426 4 4 1 1
426 52 5 5 1
427 60 1 4 1
429 21 1 2 0
430 72 4 2 0
430 73 5 5 1
432 31 2 4 0
434 24 3 1 1
438 30 2 1 0
440 29 3 5 1
440 70 1 1 0
440 23 2 4 1
443 27 4 2 0
444 34 1 5 1
444 70 3 5 1
445 30 2 2 1
447 47 2 2 0
449 7 1 3 1
449 2 1 2 0
449 13 1 1 0
450 7 5 2 1
451 54 5 2 0
452 63 5 3 1
453 7 5 5 1
453 6 5 1 0
454 75 5 2 0
456 23 5 4 1
456 54 3 2 0
459 61 2 1 1
459 20 2 2 0
461 5 3 5 0
462 1 5 4 1
463 8 5 5 1
464 30 2 5 0
465 53 3 4 1
466 80 4 1 1
470 34 5 4 0
471 39 3 5 1
472 67 5 2 1
472 45 5 1 1
474 11 2 1 0
474 1 2 2 0
477 5 5 1 0
477 3 1 4 1
478 73 2 2 1
480 73 1 2 1
481 56 3 2 1
483 1 3 1 1
484 38 2 2 0
488 61 3 4 0
489 39 3 4 0
489 33 4 4 1
490 21 5 5 1
490 40 2 2 0
491 80 5 2 1
491 35 2 1 0
492 5 3 2 1
497 41 3 4 1
499 28 5 4 0
499 36 1 4 1
500 50 4 2 1
501 57 2 3 0
502 14 4 4 1
502 19 2 1 0
504 15 4 4 1
504 37 2 1 0
504 6 3 3 1
505 76 3 3 0
506 27 5 2 0
507 66 1 3 1
508 39 2 5 0
508 64 4 3 0
510 4 3 4 0
510 61 1 3 0
510 66 4 2 0
513 79 1 4 1
516 24 3 2 0
517 72 4 4 1
518 5 5 1 1
519 78 3 2 0
520 15 2 2 0
520 58 5 3 0
521 67 2 1 1
521 16 3 3 0
522 7 3 5 0
522 44 5 2 1
523 29 4 1 1
525 65 5 5 1
525 41 3 5 1
526 5 5 3 1
527 66 5 1 0
531 59 3 5 0
531 35 2 4 1
532 45 5 4 1
537 33 4 2 0
539 10 5 4 0
539 43 1 5 0
540 39 4 5 1
542 30 4 2 0
542 47 3 2 0
543 13 5 1 0
547 4 1 5 1
547 17 3 3 1
549 16 3 2 1
549 17 5 1 1
551 31 3 1 0
553 20 1 1 1
555 80 2 5 0
556 10 4 3 0
558 2 4 4 0
558 20 4 2 1
558 13 3 3 1
558 72 3 2 0
561 17 3 5 0
562 73 2 5 1
563 45 3 5 1
565 6 2 1 0
565 79 4 4 1
566 43 4 5 1
566 64 4 2 0
568 10 1 1 1
572 44 4 1 0
572 75 1 5 0
575 13 2 2 1
575 42 4 3 0
576 53 4 3 0
578 36 1 5 0
582 77 4 1 1
582 74 4 2 1
583 78 4 1 1
583 21 1 5 0
583 67 4 5 1
585 43 5 2 1
585 29 3 5 1
585 81 5 1 1
585 27 3 1 1
588 48 1 1 0
589 5 3 1 1
589 42 4 5 0
590 20 4 3 1
591 51 4 1 0
591 37 1 2 0
593 7 4 2 1
594 30 1 4 0
595 76 5 5 1
596 60 1 4 0
596 31 3 4 0
596 48 1 1 1
598 78 2 3 0
600 40 3 3 1
601 12 4 1 0
601 33 4 1 1
601 18 4 2 0
602 17 5 2 1
602 73 2 1 0
605 50 5 5 1
606 81 1 5 0
606 63 4 4 1
608 31 3 1 0
609 41 5 5 0
609 51 4 3 0
609 51 2 5 0
610 39 1 1 0
610 12 2 4 0
613 81 1 1 0
615 55 4 3 0
615 28 2 2 1
616 74 5 1 1
617 15 1 5 1
617 54 4 4 1
618 41 2 5 1
618 59 2 4 1
621 10 4 1 0
621 79 1 3 1
622 20 4 3 0
623 74 3 1 1
623 33 4 4 1
624 6 1 3 0
625 13 3 2 1
625 17 5 1 1
626 23 3 3 0
627 24 3 3 1
627 11 1 4 0
628 56 4 4 0
629 31 3 5 0
632 53 1 2 0
633 2 4 3 0
634 61 3 3 0
634 56 5 5 1
635 14 3 1 1
637 8 5 2 0
637 25 2 1 1
638 13 3 5 0
643 36 2 5 1
644 12 3 3 1
644 23 4 5 0
644 69 4 3 0
645 34 5 4 0
647 7 4 3 1
653 58 1 5 0
654 62 2 5 1
654 54 5 1 1
655 11 1 2 1
656 22 3 5 0
656 57 3 4 0
662 63 2 1 1
662 28 3 2 1
662 37 4 2 0
664 47 5 4 1
665 44 5 2 0
667 50 1 2 0
668 10 1 1 1
670 34 4 1 0
670 29 5 3 1
672 55 4 1 0
673 5 3 5 1
675 16 1 2 0
677 74 1 2 1
677 37 5 3 1
679 22 3 1 1
680 80 5 4 0
682 70 2 3 0
683 72 1 1 1
683 74 1 2 1
683 14 1 1 0
684 13 2 5 0
689 45 2 2 0
690 46 4 4 1
690 50 5 3 1
690 71 5 4 1
691 5 4 3 0
692 63 5 5 0
692 58 3 5 0
692 10 1 5 0
695 59 5 2 1
695 8 5 2 0
696 45 4 5 0
696 32 5 1 1
697 36 4 2 1
699 39 3 4 1
699 56 2 5 1
700 49 1 1 0
703 23 1 5 0
705 17 3 3 0
706 12 2 4 0
707 41 5 4 0
709 11 1 5 1
709 51 5 5 0
709 28 2 3 0
712 24 3 2 1
714 17 1 1 0
714 76 2 3 0
714 64 2 3 0
716 9 1 2 0
719 50 3 3 0
722 31 4 3 1
723 60 1 5 1
723 6 2 2 0
725 12 5 4 1
727 19 4 2 1
728 62 1 1 1
728 68 4 3 0
730 39 5 4 1
730 48 2 1 1
731 68 1 3 0
732 34 5 1 0
733 67 5 3 1
734 29 1 1 1
735 5 2 5 0
735 17 4 1 1
737 75 1 2 0
737 65 2 5 0
737 20 3 5 1
738 35 4 1 0
738 76 4 5 1
739 77 1 3 0
739 58 3 3 0
741 78 5 1 1
742 64 4 4 0
742 16 4 3 0
743 39 4 4 1
744 26 2 5 0
744 14 5 5 1
745 28 1 2 0
746 52 3 5 0
746 58 3 1 1
746 61 3 2 1
749 6 5 4 1
749 80 1 5 0
750 8 5 2 0
751 73 4 3 0
751 46 2 4 0
752 60 3 5 0
754 3 1 1 0
755 47 1 4 1
756 58 1 2 1
756 48 3 1 0
758 14 4 5 1
758 41 4 5 0
758 6 4 5 1
759 16 1 3 1
759 75 2 1 1
760 24 3 4 1
766 3 1 5 1
767 29 3 1 1
768 39 5 1 1
769 14 4 3 1
769 61 2 1 1
774 49 2 5 0
774 3 4 2 1
775 1 2 5 1
776 13 5 2 1
777 11 4 5 1
777 79 2 3 1
779 81 3 3 1
780 28 3 2 0
780 72 3 1 1
782 64 5 2 0
782 27 1 4 1
783 60 1 2 1
784 40 2 1 0
784 33 2 5 0
784 41 5 1 1
784 24 1 2 1
785 5 5 2 0
785 15 2 4 0
787 46 1 3 1
787 81 4 3 1
788 15 4 3 1
789 3 5 1 0
789 20 1 2 0
790 8 3 3 1
795 3 3 3 0
796 52 4 1 1
796 47 5 2 1
797 32 3 3 1
797 44 2 3 1
798 58 3 3 1
798 18 2 2 0
799 49 1 3 1
800 66 5 4 1
802 6 2 2 0
803 78 1 4 0
804 25 1 4 0
805 40 2 4 1
805 13 1 4 0
805 69 3 4 1
805 64 4 3 0
805 1 4 3 0
806 48 4 1 0
807 62 3 5 0
808 68 1 2 1
810 52 3 2 1
810 34 2 1 0
810 81 2 3 0
810 81 5 2 0
812 36 5 1 1
813 19 3 1 0
815 76 5 4 0
818 59 2 2 0
819 65 1 4 1
820 24 3 2 1
820 2 1 4 1
821 49 2 4 1
822 32 3 2 1
825 43 5 4 0
825 13 1 4 0
825 46 1 1 1
825 51 5 1 0
825 21 4 2 0
826 81 3 5 1
826 59 4 4 1
827 22 2 2 0
829 13 3 2 1
830 20 2 1 1
831 33 4 5 1
833 54 3 5 0
833 29 3 3 0
833 36 2 2 0
833 63 4 1 0
836 2 4 2 1
836 38 3 4 0
836 50 1 1 0
837 63 5 2 0
839 7 4 1 1
840 12 2 1 0
840 3 2 4 1
840 52 5 3 1
841 35 5 5 1
841 6 5 5 0
842 44 5 5 1
843 5 5 1 0
849 14 2 2 0
849 59 3 4 0
850 38 3 4 0
851 9 5 3 0
851 35 2 1 1
852 49 3 4 1
855 59 2 2 0
855 60 5 5 0
856 49 4 4 0
859 72 1 2 1
859 45 4 3 0
861 70 4 5 1
861 17 4 4 1
863 9 1 3 0
863 27 2 4 1
865 25 1 5 1
865 23 3 5 0
866 70 2 2 0
867 60 3 4 1
867 28 1 3 0
868 57 4 2 1
869 81 3 5 0
870 72 4 1 0
872 41 3 5 1
872 66 5 4 0
873 45 2 5 1
873 51 5 3 0
873 72 3 1 0
875 48 1 3 0
876 7 5 1 1
877 1 2 2 0
877 67 3 2 0
878 37 1 4 1
878 68 5 4 0
879 38 5 2 1
879 34 1 5 1
880 80 5 1 0
881 9 1 4 0
881 52 2 3 0
882 5 3 2 0
886 19 3 2 0
886 13 5 2 0
886 8 2 2 0
887 69 2 1 0
893 79 2 3 0
895 74 5 3 1
896 46 1 2 1
897 51 4 2 0
897 27 3 2 1
898 43 3 2 0
904 77 5 5 0
907 39 1 5 1
910 50 4 5 1
910 47 5 3 0
912 35 5 1 1
912 58 2 3 1
913 10 4 3 1
913 3 3 1 0
914 76 5 2 0
915 14 2 1 0
917 7 5 4 0
918 26 1 2 1
919 25 4 4 0
919 39 4 5 1
919 66 2 1 0
919 62 2 1 1
924 2 3 3 0
925 79 3 1 1
926 24 3 2 0
927 19 5 3 0
930 6 1 5 0
930 57 4 1 0
930 49 5 2 0
931 11 5 5 1
932 35 4 2 0
933 19 2 4 1
934 41 3 5 1
935 71 4 1 0
935 65 3 4 0
938 28 1 5 0
940 14 5 5 1
941 4 1 2 1
941 10 5 5 1
941 15 2 2 1
942 34 4 2 1
943 1 1 1 0
945 70 4 5 1
946 6 2 2 0
946 22 3 5 1
946 29 3 1 0
946 66 4 4 1
946 79 1 3 1
947 41 1 5 0
948 43 5 5 1
948 8 5 2 1
949 5 3 5 0
952 71 1 4 0
953 48 5 2 0
953 51 1 4 1
954 26 2 3 1
956 50 4 5 0
956 40 1 4 0
958 9 5 4 1
961 39 5 3 1
961 58 3 4 1
963 37 5 3 0
964 3 1 2 1
964 21 4 1 0
964 63 4 1 1
966 14 3 1 0
968 37 3 5 1
968 37 3 1 1
969 51 1 1 0
970 40 1 2 1
971 16 2 3 0
974 29 5 4 1
974 74 5 1 0
975 51 4 2 1
975 78 1 4 0
975 38 1 4 1
976 9 4 5 0
976 29 5 5 1
977 80 4 3 1
978 7 1 4 0
980 35 2 2 0
980 1 4 1 0
981 32 4 2 0
981 59 5 4 0
982 38 1 1 1
982 70 5 4 1
983 4 2 1 0
984 54 1 3 0
985 66 4 1 1
986 79 2 3 1
987 60 3 5 0
989 35 4 2 1
989 67 4 2 0
989 37 4 4 0
993 34 2 4 1
994 74 2 3 1
994 47 5 3 1
995 2 2 2 1
996 72 4 3 1
996 81 2 4 0
997 39 3 2 1
1000 36 4 3 0
96 796
1 14 4 1 1
3 41 1 2 1
7 8 3 5 1
10 10 2 1 1
10 68 2 1 0
13 38 3 4 1
15 48 2 3 0
21 43 2 4 1
23 94 3 1 1
23 43 5 3 1
23 96 1 5 1
24 10 4 5 0
25 15 3 5 0
25 72 4 1 0
27 63 5 1 0
28 90 4 1 0
28 38 4 2 0
28 30 1 4 1
28 10 4 3 1
30 38 1 2 0
31 52 2 2 1
35 62 2 5 0
37 69 5 1 1
38 76 2 4 1
38 8 2 3 1
40 85 4 5 0
41 27 3 5 1
41 18 5 2 1
41 11 5 3 1
44 18 4 1 0
44 84 2 3 1
45 84 2 4 0
45 36 2 2 1
45 76 1 3 1
45 1 4 3 0
47 24 1 1 0
50 28 5 3 0
51 23 2 1 0
52 89 1 3 1
54 89 1 2 0
54 85 4 3 1
56 46 3 3 0
56 51 3 2 0
56 50 2 2 1
58 80 3 5 0
58 79 5 2 0
58 67 5 4 0
60 11 4 1 1
60 49 4 4 0
62 77 4 4 0
62 21 5 2 1
64 31 3 2 1
64 5 1 5 1
66 23 4 5 1
68 16 3 2 0
68 21 3 5 1
71 29 4 5 0
71 31 2 3 0
71 20 2 3 0
73 69 3 2 0
75 14 3 5 1
78 37 1 4 1
84 55 5 5 0
84 95 3 2 0
86 8 1 2 0
86 30 2 1 0
87 85 5 3 1
88 74 4 2 1
94 82 1 5 0
95 77 5 4 1
95 24 2 2 0
96 55 1 5 1
96 59 3 1 1
99 21 1 3 1
100 84 4 1 0
101 74 1 2 1
101 21 3 3 0
102 20 3 4 1
102 27 1 2 0
104 38 5 5 0
104 37 4 2 1
110 72 3 3 1
111 57 3 4 1
111 33 1 3 1
113 62 5 2 0
113 94 3 1 0
113 68 2 5 1
115 31 5 1 0
117 7 3 2 0
117 59 3 4 0
117 11 4 3 0
119 41 3 3 0
120 71 1 3 1
126 3 3 3 1
128 67 3 3 0
128 90 4 4 1
129 12 1 3 0
132 78 5 1 0
133 66 3 2 1
139 17 3 3 0
140 20 3 3 1
141 55 2 3 1
142 95 1 2 1
146 29 4 3 1
147 77 2 3 0
152 61 3 5 1
153 80 3 4 0
155 82 5 1 1
158 59 4 3 1
158 9 3 5 1
158 56 2 3 0
158 54 3 2 0
163 18 1 1 0
163 27 3 3 1
163 30 4 3 1
164 37 5 3 0
165 43 4 4 0
166 90 1 3 0
167 82 5 5 0
167 6 2 5 1
167 78 5 5 0
167 74 5 2 1
167 17 3 2 0
167 87 2 5 1
168 19 2 1 1
168 54 3 5 1
173 93 3 2 0
173 21 2 2 0
176 23 1 3 0
176 5 2 1 1
176 40 3 1 0
178 88 5 2 1
179 25 2 3 1
179 30 2 1 1
180 86 5 2 0
183 49 4 5 1
185 24 5 3 1
186 59 4 2 1
187 1 2 4 0
190 4 2 3 0
190 14 5 2 0
191 79 2 5 1
194 41 3 4 1
194 76 5 4 1
196 57 2 1 1
196 63 5 2 0
197 74 3 5 1
202 83 3 1 1
203 9 2 3 0
203 26 1 2 1
206 10 1 5 1
206 70 3 5 0
206 12 5 4 0
207 95 3 4 0
207 23 5 3 1
209 53 4 5 1
212 16 2 3 0
213 29 4 3 0
219 77 2 2 0
219 42 5 2 1
221 94 5 5 1
221 18 1 4 0
221 69 5 5 0
222 83 2 2 0
224 2 2 1 0
225 46 4 5 0
226 61 2 4 1
227 72 4 4 1
228 55 1 4 1
228 3 4 4 1
229 5 5 2 0
230 11 1 5 1
232 68 4 5 0
232 27 2 3 1
234 71 2 1 0
236 61 1 5 1
238 14 2 5 1
240 6 4 4 0
240 94 5 1 1
241 70 1 4 0
241 11 2 5 0
241 12 5 4 1
242 30 2 5 1
242 78 3 1 1
246 62 2 2 1
246 82 5 5 0
248 88 2 3 0
249 57 1 2 1
250 42 5 2 0
250 71 1 1 0
255 77 3 5 1
258 91 1 4 0
258 15 5 5 1
261 39 1 3 1
262 40 5 1 1
263 61 5 5 1
264 54 2 1 0
265 62 2 2 0
265 46 3 5 1
266 80 2 2 0
267 68 5 4 0
268 29 4 2 0
268 4 4 2 0
269 74 5 2 0
270 6 2 5 0
270 2 2 2 1
271 89 1 2 1
272 75 3 4 1
273 84 2 1 1
280 62 4 4 1
280 12 3 1 0
282 95 4 4 1
283 69 4 2 0
283 41 2 4 0
284 90 4 5 1
286 89 4 4 1
286 4 4 3 1
286 7 3 3 0
288 28 2 2 0
290 40 1 3 0
291 55 5 2 1
291 95 2 3 0
294 72 3 4 1
295 55 2 2 1
296 79 2 2 0
297 47 1 2 1
298 23 2 5 0
298 92 5 2 1
298 47 3 4 1
301 22 4 3 1
303 70 1 4 0
303 67 4 2 0
304 6 1 4 1
306 13 5 3 1
306 44 5 5 0
306 36 3 3 1
309 22 1 4 1
310 85 2 2 1
313 63 3 5 0
313 38 1 4 1
315 86 4 5 0
318 22 4 4 0
318 42 2 2 0
320 30 1 3 0
324 46 1 2 1
327 82 2 3 1
328 43 2 4 0
328 45 1 1 1
328 16 4 4 1
329 94 1 2 0
331 36 1 1 1
331 90 1 1 0
331 21 5 2 0
332 49 3 1 1
334 2 1 2 0
335 79 1 4 0
337 3 4 4 0
337 92 1 3 1
340 68 5 4 0
340 52 3 4 0
341 46 5 5 1
342 13 2 5 0
343 61 5 1 0
344 80 5 3 1
344 49 1 4 0
347 46 3 4 0
349 82 2 3 1
349 58 1 4 0
350 50 1 5 1
351 44 3 5 1
352 72 4 2 1
353 40 3 4 1
354 4 4 1 1
355 25 1 4 0
355 52 3 1 1
356 32 4 3 0
358 58 1 5 0
358 18 3 5 0
358 62 5 2 0
359 47 4 3 0
359 3 5 4 1
359 39 2 1 0
363 39 4 3 1
363 38 1 2 0
364 3 4 3 0
364 57 1 5 1
365 39 1 3 0
367 32 5 5 1
369 68 3 4 1
375 88 4 4 0
379 50 1 1 0
379 36 1 1 0
379 60 4 5 1
380 60 2 1 0
380 61 2 2 0
380 92 1 4 1
380 94 2 4 0
383 51 5 1 1
384 91 5 5 1
385 77 1 5 0
390 78 4 1 0
391 74 3 4 1
393 9 1 1 0
397 85 5 2 0
398 23 4 5 0
399 60 3 1 1
401 2 1 5 1
401 11 3 3 1
403 60 1 5 0
403 83 1 2 0
403 36 5 2 0
407 45 4 3 0
407 22 1 2 1
408 93 2 2 0
410 88 2 4 0
411 11 4 3 0
413 2 2 3 1
416 88 5 4 0
417 5 1 4 0
420 76 3 3 1
420 25 4 3 1
427 33 5 5 0
429 93 2 2 0
429 51 3 5 1
429 70 5 3 1
430 94 2 2 0
431 34 1 2 0
431 36 5 2 1
431 33 3 2 0
434 59 3 1 0
437 72 1 1 1
439 42 1 1 0
440 46 3 1 1
440 58 4 3 1
441 31 4 4 0
441 31 2 2 1
441 13 1 4 0
442 34 2 2 1
444 17 4 3 0
447 70 4 5 0
448 63 5 2 1
449 96 4 3 1
451 49 4 4 1
452 37 2 2 0
453 51 5 4 0
453 63 1 4 0
453 6 5 4 0
453 51 4 5 1
454 66 2 4 0
454 25 3 2 0
460 68 2 4 1
460 69 3 1 1
461 96 1 2 1
462 14 5 5 1
464 65 2 1 0
464 48 1 2 0
465 32 1 1 0
466 59 4 3 0
467 61 3 3 1
467 46 3 3 1
469 72 1 4 1
469 79 3 2 1
469 52 3 3 0
470 26 4 3 0
470 17 5 2 1
473 89 2 4 1
473 39 2 2 1
475 95 2 2 0
476 96 4 3 1
477 8 5 5 1
477 80 4 4 0
480 67 4 4 1
482 91 3 4 1
482 61 2 2 0
483 6 4 2 1
485 90 1 2 1
485 72 5 3 1
486 6 3 3 1
488 27 4 5 0
490 77 3 3 1
492 46 2 5 1
492 16 1 3 1
493 17 5 1 0
493 19 1 2 1
495 69 5 5 1
498 23 2 2 1
499 16 1 3 0
500 29 4 5 1
501 48 1 3 0
501 58 5 1 1
501 25 5 3 1
503 89 2 4 1
504 66 3 2 1
504 29 1 1 1
509 76 4 1 0
509 23 2 2 0
509 27 5 3 0
509 47 4 1 1
510 57 2 5 0
510 5 4 3 1
512 48 1 5 0
514 5 5 4 1
516 96 3 4 1
518 63 3 4 1
518 50 1 4 0
518 18 3 2 1
519 11 5 3 1
520 78 1 2 0
520 43 1 3 1
520 90 1 1 1
521 55 2 1 0
523 68 3 1 1
524 63 5 3 1
525 26 1 3 0
526 74 1 3 0
526 16 4 2 1
527 13 1 5 1
530 7 3 2 0
531 71 5 5 0
531 4 4 5 1
531 79 1 2 0
538 81 1 2 0
540 75 5 2 0
541 36 1 5 0
542 6 3 5 0
544 48 2 2 1
544 1 1 1 1
547 84 5 1 0
548 54 3 4 1
548 83 2 4 1
550 74 2 5 0
550 35 1 4 0
550 90 3 4 1
551 20 2 2 1
551 37 2 1 1
552 45 2 2 1
553 20 3 3 0
553 70 3 1 1
554 78 4 2 1
554 68 5 2 0
556 88 5 3 1
559 56 2 4 0
561 26 2 4 1
561 35 3 4 0
563 74 2 2 1
563 22 1 3 0
565 9 5 1 0
565 67 3 2 1
567 2 5 4 1
568 68 5 2 1
568 50 3 4 1
569 43 2 4 1
570 13 4 4 1
572 21 1 3 0
572 88 5 3 0
573 41 1 4 0
574 58 3 1 1
574 3 4 2 0
575 40 5 2 0
577 38 3 2 1
577 43 5 1 1
578 6 5 2 1
580 28 5 3 0
582 45 1 2 1
585 73 5 1 0
586 93 2 3 1
588 49 1 2 0
589 78 3 3 0
590 42 1 2 1
590 85 1 3 0
591 23 1 5 1
591 64 1 5 0
592 89 1 4 1
592 88 3 5 1
594 89 2 5 1
596 79 5 1 1
596 62 3 1 1
597 20 1 3 0
597 65 4 3 0
598 82 4 3 1
598 70 2 2 1
598 49 1 3 0
598 79 2 5 1
601 55 4 2 0
601 67 3 1 0
607 75 1 3 1
607 35 1 1 1
609 45 5 1 1
610 3 4 2 0
616 13 5 2 1
616 29 5 4 0
620 58 1 4 1
624 70 4 4 1
625 51 1 5 1
625 94 4 5 1
627 35 1 4 0
627 39 5 4 1
627 28 2 3 0
627 29 5 1 1
632 78 5 4 1
632 17 3 4 0
634 78 3 1 1
634 19 1 1 0
636 20 2 2 1
637 43 3 3 0
637 20 3 1 1
638 6 3 1 1
638 54 3 5 0
638 3 5 5 1
639 70 1 4 1
639 26 4 5 0
640 75 3 1 1
640 86 4 5 0
641 60 5 4 1
645 69 5 2 0
648 70 4 4 1
649 55 4 4 0
651 95 3 1 0
652 70 3 2 0
653 27 3 4 1
654 2 3 4 0
654 89 4 1 0
655 92 4 5 1
656 95 1 4 0
657 81 3 4 1
658 71 1 2 1
659 4 3 1 0
660 78 4 4 0
661 19 5 3 0
663 59 3 1 1
664 3 2 5 0
665 10 1 4 0
666 61 4 2 0
668 42 5 5 0
670 10 1 1 1
670 71 1 4 1
671 51 2 2 0
672 77 1 4 1
678 56 3 3 1
678 17 2 5 0
681 63 3 1 0
681 2 5 2 0
682 42 1 1 0
682 82 3 5 0
682 3 1 1 0
683 31 2 1 0
683 1 4 1 1
684 38 1 4 1
684 29 4 3 1
684 61 2 1 0
685 3 1 1 0
694 80 3 4 1
695 32 3 2 1
695 78 3 3 0
696 23 5 2 0
696 7 4 1 1
696 88 4 5 1
697 6 1 4 1
698 30 1 5 1
699 93 2 4 1
702 57 5 2 1
704 50 5 4 0
707 79 2 5 0
708 82 3 1 0
708 45 1 3 0
709 84 3 2 1
709 47 4 1 1
710 70 5 5 1
713 56 3 3 0
716 35 3 5 1
716 39 3 3 1
716 68 2 4 1
716 82 4 3 0
721 51 4 5 1
721 31 1 3 0
722 21 1 2 1
722 94 2 4 0
729 66 2 4 1
729 58 5 1 1
734 95 5 5 0
734 28 1 5 1
735 32 3 2 1
735 82 4 5 0
735 87 2 5 0
735 39 4 3 0
736 91 5 5 1
745 64 4 2 0
746 60 1 4 1
747 39 5 2 1
748 51 3 3 1
750 65 3 2 1
750 13 1 5 0
753 87 2 5 0
754 6 2 4 1
754 50 4 3 1
755 41 4 1 0
755 83 2 3 1
756 12 4 1 0
756 40 4 1 1
757 56 4 2 1
759 48 2 1 0
759 70 1 3 1
761 42 4 5 0
763 6 4 3 1
763 43 1 1 0
763 60 2 1 1
765 56 3 5 0
765 38 4 4 0
765 64 4 5 1
768 59 3 1 0
769 19 5 5 0
771 44 1 2 1
773 78 5 1 0
774 12 2 1 1
774 86 2 4 0
774 26 1 4 1
774 53 3 5 1
775 67 2 3 0
776 9 2 2 1
777 44 1 3 1
777 48 4 1 1
778 17 2 3 1
778 22 1 1 1
778 32 1 1 1
779 75 1 4 1
783 74 4 3 0
784 90 4 2 0
784 74 3 3 1
786 46 5 1 0
786 69 1 5 1
786 32 2 3 1
787 67 2 1 0
789 88 4 3 1
790 29 3 1 1
790 83 2 2 1
791 12 3 4 1
791 67 4 2 0
792 27 5 4 0
792 9 3 2 0
793 21 2 4 1
795 20 3 3 0
797 58 2 2 1
798 77 5 1 1
799 16 2 1 0
801 8 2 1 0
803 88 4 5 0
803 67 3 3 0
809 71 1 4 0
812 30 2 2 0
813 7 1 1 0
814 75 3 1 0
816 12 1 2 0
817 16 2 1 1
817 23 3 1 1
818 38 4 5 0
818 61 3 4 0
818 72 5 5 1
819 35 4 4 1
820 70 1 3 1
820 80 2 4 1
821 32 5 4 1
821 6 5 4 1
822 76 5 5 0
827 71 2 3 0
828 44 5 4 0
828 46 2 4 0
829 63 2 1 0
829 23 5 3 0
831 65 3 5 1
831 70 3 3 0
833 27 1 4 0
835 91 1 5 1
835 16 2 2 0
836 43 2 3 0
836 34 4 1 1
837 82 5 1 1
838 74 1 1 1
838 12 2 3 1
841 84 3 1 1
843 3 4 1 0
844 58 2 2 0
845 20 1 1 1
847 6 5 2 0
848 36 5 4 0
852 37 1 1 1
853 25 4 4 1
855 86 3 4 1
855 88 1 3 0
856 33 3 4 0
856 10 1 5 0
857 65 4 2 1
858 96 2 3 1
858 67 2 5 0
861 60 5 5 0
861 15 4 3 0
861 77 1 2 1
865 94 4 2 0
866 47 5 4 1
869 48 3 2 1
869 73 5 2 0
869 71 2 5 1
872 46 3 5 0
874 35 1 1 0
876 87 5 1 1
877 61 4 3 0
877 2 3 4 0
878 59 1 2 1
879 80 3 3 0
879 29 5 1 1
879 42 2 4 0
881 34 1 5 1
882 67 3 1 1
882 22 2 4 1
883 68 4 5 1
892 35 1 2 0
894 96 4 2 1
894 95 3 3 0
895 60 2 3 1
896 40 4 2 0
898 23 2 5 1
899 94 4 1 1
900 61 5 2 0
902 8 2 5 1
903 26 2 2 1
904 77 3 4 1
904 74 2 3 0
906 13 5 5 1
906 1 2 2 1
909 76 5 3 1
909 46 5 5 1
911 55 3 4 0
912 48 1 4 0
914 62 2 2 0
916 47 4 1 0
920 93 3 5 1
921 66 1 3 0
923 52 3 3 1
925 88 5 3 1
926 11 5 1 0
929 24 5 1 1
929 76 4 2 1
930 49 2 5 0
931 24 1 3 1
934 29 5 4 1
935 35 2 2 1
936 11 3 2 0
936 15 1 5 1
939 68 2 4 0
942 71 3 3 0
944 65 1 1 1
946 11 5 2 1
948 51 1 3 0
948 19 5 3 1
949 49 5 2 0
950 41 1 2 1
950 15 5 3 1
951 52 5 1 1
953 33 1 5 0
954 43 3 5 1
955 34 2 4 0
955 42 4 4 1
955 37 4 4 0
956 22 4 5 0
956 17 1 2 0
958 27 3 3 0
959 85 1 5 0
961 93 2 3 1
964 79 2 2 1
964 68 5 2 0
966 54 3 3 0
966 28 4 3 1
967 25 4 1 0
967 3 5 5 1
968 11 1 2 0
969 24 4 3 1
970 49 3 3 0
971 52 5 3 0
972 54 2 5 0
973 42 3 5 1
973 59 4 4 0
979 63 2 5 0
981 8 4 4 1
981 4 3 4 1
984 28 5 4 0
986 92 1 4 1
987 17 4 5 0
988 4 1 5 0
991 59 5 3 0
992 62 5 1 1
992 30 2 5 0
992 80 2 3 1
994 65 2 4 1
997 48 2 5 0
997 46 5 5 0
999 69 4 5 1
999 35 1 2 1
87 524
1 24 4 3 0
7 62 4 4 1
10 50 2 5 1
10 36 4 2 1
13 45 1 3 1
22 12 4 1 1
23 28 1 5 1
24 38 2 4 0
24 8 4 5 0
27 72 4 4 0
31 63 1 5 1
33 40 3 5 1
34 52 3 1 1
34 67 1 3 1
34 80 1 5 0
36 85 4 2 0
37 21 3 3 0
38 87 1 4 1
38 34 4 5 1
39 26 3 3 0
39 25 3 1 0
44 75 3 5 1
44 19 4 4 1
44 19 1 3 0
44 19 1 2 1
46 22 5 2 1
49 30 4 2 0
52 84 1 4 1
54 23 4 4 0
55 25 5 1 1
55 81 5 3 0
57 77 5 3 0
60 46 4 1 1
61 75 5 2 1
61 59 1 3 1
61 71 4 1 1
61 80 1 1 0
62 25 4 1 1
64 43 5 4 0
65 40 5 1 1
66 2 1 4 0
68 20 3 1 1
72 87 3 2 0
72 67 3 3 1
72 28 1 5 1
75 57 1 3 0
77 50 1 3 0
78 83 1 2 1
81 87 2 1 0
82 33 1 2 1
85 35 1 5 0
88 59 1 3 0
88 22 1 3 1
89 48 2 2 1
92 29 5 4 1
96 70 5 1 1
98 8 5 2 0
99 8 5 5 0
105 64 2 4 0
106 26 1 4 1
108 5 1 4 0
114 37 2 1 1
118 71 5 3 0
119 68 2 4 1
119 64 5 1 1
119 46 1 3 1
122 50 5 3 1
123 36 4 2 1
124 60 2 5 0
126 10 3 4 1
126 60 2 1 1
129 21 4 4 0
135 81 5 1 0
136 26 2 4 1
139 22 3 3 0
141 3 1 5 1
147 21 5 3 0
152 29 3 2 1
159 6 1 1 1
161 27 5 2 1
163 20 2 1 1
163 39 5 2 1
165 12 3 2 0
166 50 4 3 1
167 34 3 4 0
170 83 4 1 0
173 30 3 1 1
175 52 5 5 0
177 69 1 4 1
177 84 2 4 0
183 8 2 2 0
184 2 3 5 1
187 36 4 3 0
188 22 4 3 0
191 10 4 4 1
196 73 5 5 0
196 52 5 5 0
200 82 1 2 1
203 15 3 2 0
205 79 3 4 0
206 76 2 1 0
209 66 3 3 1
210 72 5 4 1
213 60 1 2 0
214 21 1 1 1
214 1 4 2 0
215 4 3 2 1
218 70 2 1 1
223 46 4 4 1
224 55 2 1 1
227 83 5 1 1
228 21 4 5 0
228 4 1 5 1
228 66 5 3 1
231 85 2 3 0
233 4 1 2 1
235 66 5 4 1
237 86 2 2 1
240 85 5 3 1
241 39 2 4 1
242 70 3 2 0
242 36 3 2 1
243 82 2 5 1
248 13 1 2 1
250 1 4 2 0
252 46 2 1 1
253 38 2 5 1
253 4 4 4 1
257 49 1 1 1
258 33 1 5 1
259 6 4 1 0
261 31 2 3 0
262 11 5 3 0
262 56 3 1 1
263 4 3 3 1
264 65 3 1 0
265 67 2 2 0
265 87 4 2 1
267 69 4 3 1
267 17 1 3 1
267 39 1 3 0
267 40 4 2 0
269 54 2 1 1
269 41 4 3 1
270 86 4 5 1
271 47 5 5 0
271 2 1 2 0
273 85 1 3 1
276 23 4 1 1
277 70 1 3 1
277 52 5 2 1
279 72 3 1 0
280 79 5 3 0
283 59 1 5 1
285 27 3 1 0
292 16 1 4 1
294 14 3 2 1
294 28 1 2 0
294 11 3 1 1
296 26 2 1 1
298 7 5 1 1
299 11 5 3 0
303 39 3 1 0
307 77 5 1 0
310 44 5 5 1
312 54 2 4 0
316 38 4 4 1
320 32 3 4 1
323 67 2 5 1
324 46 2 4 0
324 84 3 4 0
325 13 3 1 0
326 71 2 5 1
327 8 4 5 1
328 49 1 3 1
329 67 4 1 1
335 38 2 2 1
336 11 5 2 1
337 55 2 2 0
339 34 1 3 0
340 18 1 4 1
340 48 2 3 0
341 7 3 3 0
341 76 5 4 1
343 18 1 4 0
348 56 5 5 0
350 15 2 2 1
352 6 5 2 0
356 66 3 1 0
360 57 2 3 1
360 83 4 1 0
360 83 5 3 1
363 15 4 4 1
364 25 2 2 1
366 61 2 4 0
366 8 3 1 1
368 50 1 3 0
371 61 4 1 0
372 25 5 1 1
376 6 5 3 0
381 67 1 1 1
385 28 4 2 0
387 61 1 2 1
389 57 3 2 0
389 29 3 3 0
390 71 2 4 1
392 28 1 2 1
394 1 1 4 1
395 69 5 3 0
395 48 1 2 1
399 32 2 3 1
401 77 1 5 0
402 60 5 4 1
406 28 4 1 1
407 19 1 3 0
415 69 2 1 0
422 36 3 3 0
422 68 3 3 0
422 27 2 2 1
424 41 3 2 0
424 44 5 1 1
429 66 3 3 0
429 10 2 3 0
431 54 3 1 1
431 14 5 4 0
435 2 4 5 0
435 5 2 4 0
436 81 4 5 1
439 52 4 3 1
442 77 4 3 0
444 43 2 3 0
448 43 1 2 1
451 56 4 5 1
456 7 1 2 0
456 42 2 1 0
458 84 1 2 1
459 62 4 2 1
460 37 4 2 1
461 30 1 2 0
462 38 1 3 0
469 2 1 3 0
469 24 2 5 0
473 13 5 4 1
476 22 3 3 1
478 70 3 2 0
478 11 4 5 0
479 62 1 2 1
479 44 4 5 0
480 80 2 5 1
481 35 5 1 0
483 37 2 2 1
484 87 1 3 0
485 35 5 4 0
485 80 1 5 1
487 49 5 2 0
489 77 2 3 0
489 70 4 1 0
489 17 2 1 0
491 20 1 1 1
493 70 2 5 0
497 3 5 5 1
498 44 2 1 0
498 1 5 5 0
500 82 3 2 1
502 87 3 1 1
502 44 3 4 0
502 2 5 4 1
503 41 5 4 0
506 37 2 5 0
508 26 2 5 0
510 5 2 4 1
510 82 3 2 0
511 64 4 4 0
512 3 4 1 0
517 62 4 3 0
519 44 5 3 1
519 2 4 3 0
520 76 5 3 1
523 87 4 5 0
528 80 1 1 1
531 66 1 1 0
531 66 5 2 0
532 83 5 2 1
534 66 4 4 0
537 21 3 5 0
544 13 5 2 1
545 17 1 4 0
546 30 3 4 1
547 55 5 5 1
549 74 5 1 0
552 39 4 5 0
559 48 1 3 0
559 44 1 5 1
559 70 5 5 0
563 14 1 3 0
565 84 4 4 1
565 76 3 2 0
566 26 2 2 1
566 7 5 5 1
567 82 2 3 0
572 31 4 2 0
574 20 5 5 1
574 50 4 1 1
575 64 5 2 0
580 26 5 2 0
582 43 2 3 1
583 84 5 4 0
585 13 2 4 1
585 66 1 4 1
586 29 5 5 1
588 58 5 1 1
593 69 1 1 1
594 33 2 2 1
597 23 4 2 1
608 72 5 4 1
611 77 2 2 0
611 81 2 3 0
612 25 4 5 0
614 74 1 1 1
619 34 5 5 1
619 34 2 4 0
620 65 4 1 0
620 4 3 2 0
621 77 1 1 1
622 48 4 1 1
623 27 3 1 1
624 26 1 4 0
627 32 4 4 0
627 4 3 2 0
628 6 2 1 0
632 6 1 3 1
632 25 2 5 1
639 73 3 3 1
643 17 4 3 1
645 28 4 4 0
647 1 1 2 0
647 58 3 3 1
648 41 4 2 0
650 8 3 2 0
652 75 4 3 0
656 60 1 1 1
658 74 3 2 1
660 42 3 1 0
664 13 3 1 0
666 5 1 1 1
666 55 4 1 1
667 11 3 1 0
669 61 3 5 0
673 1 4 5 1
674 62 4 4 0
679 1 1 2 1
679 77 5 2 0
685 61 4 3 1
689 32 1 3 0
690 32 1 2 0
692 34 3 1 1
693 13 4 2 1
694 21 3 1 0
695 42 2 1 1
698 16 1 5 1
699 87 5 4 1
700 3 2 2 1
700 38 1 3 0
702 48 5 5 1
703 69 4 1 0
704 52 1 4 0
707 26 3 4 1
709 57 4 3 0
711 78 2 2 1
712 24 1 1 1
718 7 3 2 1
719 6 5 1 0
721 34 4 4 0
722 67 3 2 0
723 22 3 1 0
725 33 1 1 0
726 80 4 3 0
726 8 4 3 0
728 84 1 5 1
729 22 3 3 1
731 42 4 2 0
732 13 2 1 1
732 29 1 2 0
732 72 2 5 1
732 72 2 2 1
732 51 2 1 0
735 5 2 3 1
735 41 2 1 1
736 69 2 4 1
737 34 3 5 1
738 26 1 3 1
740 36 5 4 1
740 40 3 4 1
742 40 5 1 0
744 82 1 5 1
745 54 5 5 1
746 67 2 3 0
748 28 4 2 0
754 68 1 2 0
760 78 5 1 1
760 53 5 2 1
761 32 4 2 0
763 34 2 5 0
765 1 3 3 1
765 7 3 2 0
766 4 3 2 1
767 26 5 4 0
768 11 3 5 1
770 9 4 1 0
773 31 3 5 1
773 85 5 3 1
774 1 4 4 1
775 34 2 2 0
776 59 2 5 1
778 87 4 2 1
781 16 3 3 1
782 58 1 5 0
787 70 2 3 0
792 8 5 2 0
793 86 4 1 1
793 45 5 5 1
793 39 4 1 0
796 19 2 5 1
798 85 4 2 0
799 84 4 1 1
801 38 1 2 0
801 24 2 5 0
802 47 3 3 0
805 85 5 2 1
807 69 3 1 0
809 34 3 4 1
810 84 4 2 0
811 51 5 2 0
814 58 2 3 0
814 78 4 1 0
814 68 4 4 1
815 39 1 1 0
819 58 2 1 1
822 51 2 3 1
825 24 4 1 1
825 86 5 1 0
828 38 5 5 1
830 41 1 1 0
831 1 3 5 1
834 24 3 1 1
835 59 5 5 0
837 33 2 2 0
840 73 1 5 1
843 20 1 5 1
846 10 2 1 1
851 9 3 2 0
852 1 3 3 0
853 41 1 4 1
857 17 2 5 1
857 77 2 4 1
858 13 3 5 1
859 68 5 1 0
859 84 2 5 0
865 47 3 3 0
865 79 2 2 1
868 34 4 2 0
869 14 3 1 1
870 32 1 5 0
871 42 2 5 1
872 79 5 2 1
875 36 5 3 1
877 23 3 1 0
885 68 1 2 0
886 10 5 1 0
894 23 3 1 0
901 50 3 1 1
901 35 2 4 1
904 50 3 3 1
908 77 1 2 0
909 66 1 1 1
912 59 2 1 1
913 18 1 3 0
913 38 1 3 0
914 17 5 1 1
914 87 5 1 1
916 65 2 5 1
917 43 3 1 1
917 64 4 5 0
917 85 1 4 1
918 2 4 2 1
928 30 2 4 1
930 44 2 5 0
931 48 1 2 1
931 78 4 3 0
932 47 1 2 1
932 36 1 1 0
938 51 5 3 0
939 17 1 2 1
939 10 5 2 0
944 60 4 3 1
948 84 4 4 1
950 9 5 3 0
956 32 5 5 0
959 2 2 1 1
959 48 2 3 0
961 22 2 1 1
962 43 1 1 0
963 32 4 2 1
971 64 2 3 0
973 5 4 4 1
975 83 5 3 1
978 40 2 5 0
979 3 2 3 0
979 56 4 2 0
980 19 1 3 0
980 84 4 4 1
981 63 4 2 0
984 4 4 3 0
984 76 2 2 0
985 67 2 2 0
985 66 4 3 1
986 83 2 2 1
986 69 2 1 1
990 76 1 3 0
995 8 1 4 0
996 64 3 4 0
996 20 4 3 1
998 71 5 2 0
1000 30 1 5 0
