5
9 61
1 6 1 3 0
3 2 1 2 0
8 2 1 4 0
8 1 4 1 0
8 8 3 1 1
9 9 1 4 1
10 9 3 1 0
14 2 5 3 1
16 5 4 4 1
16 4 3 4 0
22 1 2 5 1
24 6 1 2 0
28 1 2 4 1
31 5 1 4 1
33 5 1 2 0
33 7 2 2 0
33 6 5 3 1
34 1 4 1 0
35 4 4 3 0
36 5 2 5 1
37 9 1 2 0
39 4 5 5 0
40 5 5 5 1
42 2 3 3 0
46 3 5 2 1
47 2 5 2 1
48 1 3 3 0
50 5 3 2 0
51 6 3 4 1
51 3 5 5 0
52 7 2 3 1
52 3 1 4 0
57 2 4 4 1
59 5 1 1 0
63 5 5 1 1
64 1 5 2 0
69 3 2 3 1
72 2 2 3 0
72 7 1 5 1
73 6 3 1 1
74 6 1 4 1
75 4 4 2 1
75 2 1 3 0
76 6 2 1 1
78 3 5 5 0
78 6 5 3 1
80 4 2 3 0
80 1 4 1 0
82 4 3 4 1
85 8 5 5 0
86 9 4 3 0
89 5 1 3 0
90 9 5 3 1
94 1 4 4 1
94 4 1 1 0
94 6 4 2 1
96 6 1 1 1
96 2 3 4 1
99 2 3 2 1
100 9 3 4 1
100 8 1 5 1
6 62
2 5 5 2 0
2 1 3 5 0
3 3 5 4 1
4 4 5 2 0
6 1 3 5 1
6 3 1 1 0
8 1 4 5 1
9 6 2 5 1
9 6 4 3 0
10 3 5 2 0
13 6 1 4 0
17 6 5 2 1
20 6 3 5 0
21 3 4 1 1
25 4 4 2 0
29 6 1 3 1
31 6 2 5 0
33 5 2 4 1
35 2 1 2 0
38 5 5 1 0
38 3 3 2 0
38 6 5 5 1
41 5 1 1 0
45 3 5 4 1
46 4 1 4 0
47 3 3 5 1
48 6 5 5 1
48 5 2 2 1
48 1 4 3 1
50 1 1 5 0
51 2 3 5 0
52 5 2 4 1
55 4 4 3 0
60 2 3 3 1
60 2 5 5 1
62 6 5 3 0
64 5 1 4 0
67 2 2 4 1
67 1 5 5 0
69 4 1 1 1
70 6 4 4 0
72 3 1 5 1
75 3 5 5 1
75 5 2 5 1
77 2 4 1 0
79 1 3 4 0
79 2 4 5 0
79 2 5 1 1
81 1 1 2 0
82 2 3 1 0
85 6 2 5 1
86 3 5 1 0
86 5 1 2 1
86 6 4 4 1
89 6 5 3 0
92 2 5 3 1
93 2 2 2 1
93 2 3 3 1
95 3 1 3 0
96 4 5 4 0
97 1 2 2 1
100 3 1 4 1
6 66
1 1 3 4 0
2 2 4 2 0
6 3 2 5 0
7 1 3 4 1
7 2 4 3 1
8 1 2 1 0
8 6 4 3 0
13 5 4 2 0
13 5 4 4 0
14 2 4 5 1
15 6 5 4 1
16 6 3 1 0
17 3 4 4 1
20 5 3 3 0
22 5 2 3 0
22 5 5 4 1
25 2 1 2 0
26 2 2 4 0
26 5 2 5 0
29 2 4 2 1
30 5 1 3 0
31 1 1 3 0
36 1 4 3 0
38 3 3 4 1
42 2 5 1 0
55 3 1 1 1
56 2 5 2 0
57 3 1 2 1
58 3 2 3 0
61 5 5 1 1
65 4 4 4 1
65 5 3 5 1
65 3 2 4 1
69 3 2 3 1
69 3 3 5 1
69 6 5 2 0
69 5 3 2 0
71 1 1 4 0
71 3 1 3 0
73 3 4 1 0
73 5 4 5 0
73 2 1 4 0
73 5 2 1 1
74 5 2 1 0
74 6 5 2 1
75 2 5 2 1
76 4 3 4 0
77 6 5 5 0
77 4 4 3 1
80 1 2 4 1
82 5 3 2 0
86 5 4 5 1
86 1 2 5 1
86 5 1 4 0
86 1 1 4 1
88 4 4 4 1
88 4 4 5 1
91 5 5 2 1
91 1 5 2 0
92 4 4 4 1
93 6 1 5 1
94 1 3 1 0
97 5 5 1 1
99 3 2 3 0
99 4 5 3 0
100 1 4 1 0
6 77
1 3 1 2 1
1 4 1 5 1
3 1 2 5 0
4 2 3 5 0
8 3 5 4 0
8 1 3 4 0
10 5 5 1 1
11 1 4 4 1
12 1 1 1 1
14 2 1 5 0
15 2 3 2 1
16 2 3 2 1
17 2 1 5 1
18 3 3 2 1
22 1 4 3 1
24 2 4 5 0
24 3 2 2 0
25 6 2 3 0
25 2 3 2 0
33 6 3 2 1
36 4 2 1 0
36 5 5 1 0
36 3 3 2 1
37 5 2 3 1
38 5 4 1 0
39 6 2 4 0
39 5 4 5 0
44 1 1 1 0
44 1 3 1 1
44 4 5 1 1
48 3 4 4 0
53 4 4 3 1
53 5 2 2 0
54 3 2 3 0
60 6 4 1 1
60 1 3 5 1
60 6 1 4 1
61 4 1 1 1
61 4 1 4 1
62 5 4 5 0
62 3 4 3 1
63 5 3 4 1
70 3 4 4 1
71 2 1 4 1
71 6 3 3 0
73 5 2 3 0
73 6 5 4 1
74 5 2 3 0
74 3 1 2 1
74 1 5 4 0
74 5 3 3 1
75 4 1 1 0
75 3 1 2 0
76 4 1 5 0
81 2 4 4 0
82 5 5 3 0
84 1 1 1 0
84 5 2 2 1
84 6 5 2 1
85 2 3 5 1
85 5 3 2 1
86 2 5 5 0
86 2 1 3 0
87 6 4 5 0
87 2 2 3 1
87 4 2 2 1
88 6 1 1 1
89 5 2 2 0
90 1 1 4 0
92 1 4 3 1
94 5 3 4 0
94 2 1 2 0
95 5 2 4 1
98 4 1 2 0
99 4 1 4 1
99 6 4 2 0
100 1 3 4 1
10 70
2 5 1 1 0
3 3 2 5 1
3 6 4 5 1
4 1 1 2 0
11 10 5 4 1
16 7 1 2 1
17 4 5 3 0
17 9 2 1 1
21 4 1 1 1
22 7 3 2 1
23 6 2 5 0
26 3 1 4 0
27 7 5 5 1
27 8 3 1 1
30 3 5 1 1
32 10 5 3 0
34 1 1 2 1
37 8 5 1 1
37 9 3 5 1
37 1 5 1 0
38 5 5 2 1
39 9 2 5 0
40 10 2 4 0
41 8 5 1 0
41 7 3 5 0
42 8 5 4 0
42 5 4 4 1
43 6 4 5 0
46 4 5 3 0
48 5 1 5 0
49 4 2 4 0
49 5 2 1 0
49 7 2 1 1
50 2 2 4 0
53 5 2 4 1
56 10 3 2 0
56 10 2 1 1
62 6 4 5 1
62 5 5 3 1
62 5 5 4 0
65 8 3 5 1
69 4 1 3 0
71 3 5 2 1
71 4 2 1 1
71 9 4 1 1
72 5 1 1 0
75 2 4 5 0
75 8 2 4 1
75 6 3 5 1
75 2 3 3 0
79 9 1 1 1
79 5 5 4 0
79 1 1 4 1
80 5 5 1 0
85 5 3 4 1
85 4 2 5 0
88 8 3 4 1
88 4 2 3 1
89 2 2 5 1
91 6 4 5 0
91 4 3 1 0
92 9 3 3 0
92 1 1 3 1
93 7 1 4 0
94 9 1 3 1
95 9 2 5 0
95 3 3 4 0
96 2 2 3 1
100 2 1 3 0
100 9 1 2 0
