10
534 526 542
51 85
50 59
78 79
56 100
71 90
93 65
51 79
95 77
75 96
61 72
53 73
75 78
93 59
51 57
57 100
67 90
65 56
56 67
60 70
65 72
69 89
78 97
82 54
80 67
96 73
98 83
98 78
94 80
87 94
61 59
99 86
62 82
81 51
71 55
64 63
58 60
68 56
74 67
75 94
50 99
90 91
75 67
88 57
92 84
86 71
88 91
71 79
63 85
54 52
90 66
76 97
92 77
93 93
72 97
87 87
88 90
100 50
76 76
66 68
58 68
77 66
73 83
66 72
96 54
85 60
83 89
84 57
63 94
67 76
61 80
72 85
88 70
51 82
63 96
90 68
64 75
67 85
73 72
99 57
71 94
89 51
98 85
55 60
66 77
60 68
98 65
92 80
90 92
61 73
55 54
80 75
83 93
89 52
51 64
100 76
55 100
95 75
80 76
67 81
66 54
95 71
69 84
60 52
61 90
75 83
72 80
60 57
75 70
74 72
79 75
59 55
67 74
61 63
94 54
70 80
76 92
69 71
67 81
50 52
79 78
77 80
71 66
67 92
99 76
58 74
65 63
77 77
67 77
63 63
89 54
77 59
96 88
58 56
93 93
97 82
70 86
69 80
94 53
57 59
94 57
91 69
62 67
78 67
76 97
53 80
88 54
80 63
63 66
92 65
87 83
84 99
74 50
61 90
64 100
72 78
89 73
51 81
79 78
84 55
53 51
84 58
98 54
78 70
97 84
75 75
55 81
73 79
66 82
71 97
76 98
65 71
54 93
66 100
59 76
94 73
56 53
56 78
93 67
67 99
75 80
91 76
80 60
63 92
69 82
66 60
81 83
51 99
77 70
99 79
56 75
64 89
97 86
60 95
72 58
53 92
51 58
60 85
91 59
95 99
99 76
89 90
65 64
99 61
70 58
64 79
98 86
68 56
84 70
74 76
85 95
55 52
100 81
64 78
84 91
75 57
92 69
68 75
67 53
88 82
61 68
65 95
67 97
97 85
86 58
90 93
55 53
84 67
77 70
100 87
76 88
93 57
69 60
76 93
74 94
59 64
53 78
79 66
66 67
56 77
74 80
78 57
57 77
68 72
51 50
66 87
73 81
61 51
90 93
86 69
91 85
51 64
78 59
98 98
92 74
79 62
59 67
56 99
100 99
71 51
57 98
58 71
95 65
62 52
87 60
61 100
84 56
96 87
78 87
63 85
64 56
73 100
91 52
95 66
99 96
92 67
79 74
95 53
68 97
88 96
100 85
79 59
51 74
97 68
74 82
60 64
55 69
97 78
93 62
75 56
62 99
89 62
66 89
72 83
71 96
96 51
63 65
71 90
51 90
80 80
59 100
63 92
55 50
50 53
60 72
81 94
69 87
80 71
76 54
85 77
81 84
65 54
65 98
60 96
70 56
96 50
50 61
91 73
83 98
62 92
63 61
51 93
93 66
83 58
81 71
76 70
94 57
94 80
81 69
57 70
64 52
66 74
93 51
97 71
70 62
89 91
55 73
57 75
87 85
99 78
57 82
95 75
70 87
81 88
69 95
64 57
67 73
91 83
62 73
100 63
76 66
91 77
100 63
82 65
59 59
79 83
74 100
91 82
53 82
74 69
92 51
83 98
58 56
53 87
98 63
74 74
57 83
58 50
94 69
50 84
55 89
90 81
63 87
70 99
76 51
55 54
64 62
97 88
54 71
81 53
97 82
97 90
89 86
75 81
54 90
61 53
85 81
88 86
52 70
81 84
84 76
59 63
75 82
69 77
73 90
67 89
58 61
55 91
84 76
69 71
62 72
76 72
82 67
65 54
76 91
99 70
53 87
50 94
53 98
52 71
59 82
51 57
62 56
60 92
99 83
93 73
62 63
68 64
57 56
64 86
97 76
93 94
90 78
61 78
60 69
64 51
74 66
97 91
90 82
50 70
98 87
68 77
68 96
69 81
71 97
56 91
70 81
77 80
77 74
83 89
97 50
69 63
80 76
88 82
59 71
66 74
100 83
69 52
92 64
62 83
55 58
97 86
74 66
69 72
87 87
81 94
91 58
90 54
72 74
71 51
64 97
81 65
93 75
52 99
72 78
88 99
52 72
83 84
57 87
77 73
100 69
96 56
61 62
58 53
62 89
51 89
100 58
66 51
53 75
50 89
83 92
53 76
77 85
68 63
77 56
72 72
100 50
58 57
54 63
69 98
98 82
73 77
51 58
76 81
58 54
69 79
88 54
54 64
94 80
64 63
90 65
54 85
83 99
93 62
90 84
83 77
63 53
53 93
84 81
97 75
70 94
71 93
53 64
68 83
50 79
86 70
81 50
94 67
56 89
69 52
80 66
62 51
88 85
62 50
82 83
89 63
94 84
65 92
86 88
99 66
62 66
91 64
61 86
70 94
100 100
572 53 800
54 95
85 50
62 74
94 75
74 93
96 89
60 82
74 76
95 73
52 58
85 95
91 57
56 70
50 82
97 58
65 51
61 94
74 53
90 87
77 94
52 90
68 58
72 83
85 59
67 71
67 72
52 93
77 58
90 71
57 92
53 98
54 82
94 96
85 85
93 69
54 57
55 81
74 100
82 54
62 66
65 94
71 55
54 74
93 63
94 56
86 88
100 75
77 93
75 61
70 72
76 94
66 94
94 63
52 89
65 55
83 75
73 53
61 93
53 67
67 68
66 62
56 79
69 64
88 72
92 61
85 92
99 68
63 99
74 92
87 99
67 92
56 59
88 70
86 79
52 91
60 91
74 56
75 63
57 98
61 98
76 73
67 70
56 82
81 69
77 73
95 62
59 67
63 83
78 72
98 50
88 85
68 94
95 52
51 76
52 75
61 99
100 63
87 91
83 81
71 87
72 59
50 81
99 65
75 96
53 55
55 100
63 73
87 76
97 53
79 78
96 97
77 89
51 60
73 74
87 63
71 98
99 86
66 53
58 64
93 88
82 60
75 78
59 84
54 73
55 97
83 79
67 65
56 60
98 82
51 88
65 98
54 77
88 57
83 70
75 59
97 92
63 90
59 97
65 98
99 99
55 91
100 84
93 69
55 90
91 77
58 54
99 63
54 94
50 66
83 85
54 95
75 95
69 79
51 98
87 54
77 65
55 83
67 57
56 72
81 56
86 83
54 83
74 86
95 85
95 84
75 87
78 56
80 74
61 52
93 76
86 56
98 70
58 96
69 64
75 50
59 95
60 95
69 88
64 63
98 73
87 96
80 76
89 98
89 96
72 62
81 84
69 55
58 96
90 100
66 90
66 62
93 89
53 100
72 78
51 93
60 89
64 75
95 73
98 97
74 57
87 88
94 90
87 58
82 72
67 97
96 99
75 74
56 85
86 78
95 82
97 89
83 63
56 70
87 51
78 96
99 74
62 95
71 99
80 98
71 75
69 71
65 56
90 63
55 52
85 87
79 62
59 62
74 60
93 59
94 50
68 92
84 93
53 85
77 64
67 79
82 88
92 75
74 96
55 79
74 53
60 71
70 73
56 59
73 82
71 54
90 100
66 100
55 64
93 81
75 86
67 100
98 72
96 79
50 52
73 57
78 53
98 84
68 64
95 58
59 92
59 50
82 86
88 94
62 79
68 92
93 54
62 54
63 56
74 96
96 83
87 82
65 90
80 75
82 63
69 86
54 85
67 65
74 92
94 54
74 55
68 98
89 61
79 51
76 88
85 73
71 69
75 87
57 75
89 69
92 64
87 58
76 100
63 60
86 79
79 53
65 83
87 90
93 84
56 68
74 90
99 52
70 78
50 54
59 60
85 100
92 95
90 58
97 78
86 62
97 69
71 72
50 69
63 66
59 56
83 56
72 90
96 69
64 83
82 69
97 72
76 87
91 60
70 88
71 61
54 90
68 71
86 89
99 53
91 56
78 53
90 83
66 68
69 85
78 81
53 67
85 57
84 62
50 54
85 75
86 74
58 61
71 77
85 87
51 64
80 76
64 97
66 51
58 64
91 92
100 57
62 81
58 55
94 99
55 99
100 65
85 94
75 82
56 60
68 95
94 71
78 84
91 78
58 65
70 60
80 59
72 61
60 59
84 72
64 88
74 93
98 80
82 86
74 99
83 87
71 79
66 74
80 55
87 63
57 96
56 58
51 85
95 91
76 84
70 82
86 83
73 56
61 80
76 52
54 67
89 83
98 90
94 98
89 67
93 98
67 82
60 90
81 58
76 82
87 67
55 85
88 55
97 97
99 65
67 63
69 69
93 67
70 55
95 59
60 76
58 70
55 53
59 52
69 75
67 69
55 66
72 81
71 63
52 91
77 72
66 56
82 61
90 66
54 91
64 93
70 58
70 51
72 65
71 81
65 73
76 77
91 83
56 72
76 96
82 50
81 93
98 52
73 92
96 87
57 82
93 95
95 58
78 66
93 100
82 68
63 58
92 98
95 76
74 70
59 89
89 51
61 89
63 73
64 91
67 79
64 80
53 58
60 97
75 81
92 70
73 56
93 66
98 61
62 79
77 60
97 72
71 77
59 75
52 62
60 93
67 79
58 89
100 83
53 54
63 51
81 72
76 51
57 55
69 99
56 52
85 77
86 92
61 54
59 52
90 77
69 97
77 77
70 61
86 90
62 98
53 92
55 77
100 61
76 61
69 80
64 86
52 75
97 52
58 56
72 69
51 57
99 85
68 96
97 73
91 69
90 73
94 64
66 76
56 57
83 66
50 96
80 77
71 54
73 82
59 67
88 61
92 74
50 84
99 77
68 81
74 85
83 55
78 52
78 95
70 93
78 77
79 70
97 62
81 60
65 87
64 55
87 86
59 87
80 78
93 82
83 92
51 96
90 93
72 58
68 60
87 59
52 100
95 52
77 51
52 70
99 56
87 82
53 83
54 82
81 67
66 97
77 88
50 67
73 80
95 91
98 79
57 86
66 57
97 66
96 96
95 51
74 77
73 91
72 82
94 58
93 81
99 55
63 75
94 60
83 97
71 93
52 71
67 96
936 33 686
98 80
59 82
55 57
87 99
70 78
68 61
61 62
76 62
95 55
52 57
69 68
81 73
63 69
57 99
91 90
98 97
69 58
55 99
97 53
66 62
81 90
97 61
75 87
56 95
80 82
74 70
79 86
98 71
79 52
99 87
100 65
74 63
60 86
79 53
61 53
97 93
72 55
77 91
57 87
84 73
97 86
83 51
52 67
90 54
61 54
56 65
85 74
57 56
91 83
84 83
100 53
59 78
99 62
83 97
64 60
50 76
65 72
62 91
88 50
92 81
94 76
61 76
55 84
76 70
79 58
93 90
74 80
88 91
93 95
73 59
71 93
52 98
50 96
87 87
79 53
88 88
75 96
94 83
52 50
51 58
67 59
95 50
97 98
57 82
88 50
59 77
78 95
65 65
81 99
93 98
89 58
68 93
56 99
80 98
56 70
81 77
87 94
84 68
67 59
53 80
99 60
98 68
97 74
74 71
71 81
87 53
57 97
68 74
52 83
78 87
77 70
92 74
81 65
85 71
86 78
85 88
93 65
57 73
78 71
75 89
90 76
56 58
72 72
58 86
59 98
63 85
99 97
56 82
71 61
50 81
56 78
85 78
58 98
67 88
55 90
96 75
94 50
85 59
66 69
50 51
70 83
60 54
63 52
100 67
50 98
73 84
78 54
66 95
56 67
59 95
93 88
66 75
77 82
96 61
62 57
91 82
97 57
74 74
88 92
69 55
96 68
65 55
74 66
84 85
75 65
60 94
60 96
89 60
57 86
69 76
56 81
50 93
98 92
81 84
77 95
67 57
58 60
85 95
71 64
64 79
88 94
100 60
92 58
56 80
51 71
75 70
82 100
92 64
63 99
71 76
99 66
100 80
60 63
72 83
59 88
61 67
63 91
64 66
88 86
94 95
86 89
86 69
99 53
76 50
62 67
72 89
86 80
65 69
55 58
56 100
52 83
68 56
100 50
51 54
81 50
53 74
80 83
55 74
77 57
61 88
54 53
74 83
55 71
98 59
62 53
50 87
85 71
52 89
70 96
89 59
64 54
85 88
52 85
53 97
87 90
53 61
87 79
62 52
81 82
69 73
98 95
83 62
79 65
77 51
71 95
58 55
63 52
50 78
50 85
56 53
77 73
54 70
96 58
100 91
89 85
65 58
78 80
55 52
85 58
74 67
62 83
77 79
77 63
55 61
70 51
50 73
74 91
71 56
95 67
79 53
51 98
74 96
74 59
61 84
55 54
90 84
60 83
89 58
56 92
81 88
80 72
99 91
81 97
91 73
92 81
74 82
61 53
64 65
54 86
52 84
62 90
64 61
93 72
84 100
89 78
79 50
94 54
79 65
80 91
56 100
92 77
55 55
69 86
93 66
62 100
97 63
51 71
79 67
59 72
92 69
57 91
55 98
93 96
55 55
85 73
69 56
100 76
76 54
56 95
84 57
58 62
93 57
61 63
98 96
81 63
97 68
74 73
84 70
98 59
77 97
52 87
64 55
91 51
72 57
78 72
89 65
83 76
59 61
70 82
61 79
71 50
53 78
60 62
85 54
85 71
95 57
71 83
90 50
96 98
53 57
71 92
61 54
57 87
86 94
69 70
80 91
63 86
82 92
50 79
73 88
94 66
78 70
51 55
94 70
87 62
84 84
61 68
99 89
85 70
63 70
58 87
89 56
92 86
86 59
51 69
57 72
81 77
100 93
56 76
69 52
58 60
60 80
72 54
77 98
83 90
90 100
55 71
51 89
86 67
73 67
89 56
83 52
60 62
78 70
93 51
56 59
91 68
79 91
98 74
60 63
57 90
95 72
85 95
57 63
67 84
61 94
93 88
66 73
84 61
56 91
88 91
50 73
59 82
84 58
72 88
76 54
71 89
96 53
65 69
94 57
88 72
92 88
93 96
81 81
85 58
84 71
71 90
77 54
88 83
79 62
57 72
93 90
86 97
62 55
67 66
78 64
64 96
57 56
62 74
96 89
67 68
66 100
65 86
81 65
84 93
61 53
50 51
87 60
88 88
95 64
63 88
99 84
82 53
73 52
55 67
77 79
79 86
61 90
80 80
51 99
81 67
54 92
69 79
98 99
89 70
60 84
65 77
96 95
54 64
74 97
93 58
57 52
86 56
74 86
70 93
55 54
84 78
69 73
53 92
58 61
65 82
74 81
84 85
71 69
92 66
66 85
95 100
58 80
67 95
69 93
57 96
88 52
70 90
97 68
92 61
59 70
96 78
65 81
92 99
93 100
70 85
94 71
100 71
83 95
70 93
100 65
51 99
82 63
65 88
69 97
87 54
69 56
76 72
82 71
98 100
58 51
62 86
60 64
75 87
87 89
96 86
71 87
89 94
50 96
94 55
71 62
64 59
98 83
69 99
53 84
57 74
92 84
77 68
75 67
63 83
65 65
53 79
68 98
96 99
66 65
91 62
85 65
58 98
54 78
99 81
80 56
60 97
78 52
55 66
71 64
60 51
53 67
94 86
69 73
73 70
58 74
98 71
70 81
92 59
73 82
57 94
96 72
64 61
83 76
100 89
88 53
87 86
52 50
63 89
59 99
97 87
56 99
89 54
85 85
79 99
87 56
75 59
78 85
60 89
87 61
89 74
94 99
84 93
73 90
60 67
52 92
59 59
96 61
54 85
57 94
62 93
93 57
90 75
71 83
82 93
98 80
58 83
65 79
87 76
99 58
81 78
72 76
65 82
57 54
97 79
57 92
77 86
53 68
66 52
97 74
64 73
90 79
51 96
79 54
58 77
56 59
74 60
63 96
72 83
83 89
57 95
88 73
82 69
87 99
69 90
77 50
80 98
52 69
76 68
64 69
99 92
60 59
51 67
73 93
94 80
99 63
87 77
99 96
54 87
95 100
52 64
89 70
66 91
81 71
73 75
72 89
61 84
93 60
88 56
91 75
77 84
57 98
91 52
74 79
96 70
74 62
66 52
98 87
61 85
99 59
95 56
77 81
53 84
91 87
51 87
78 57
79 63
91 94
67 67
83 51
76 60
89 86
90 54
97 73
66 66
88 75
100 81
92 93
67 57
62 82
54 83
58 73
54 59
63 94
82 71
51 88
59 96
62 78
69 60
63 93
95 89
63 52
86 78
52 85
77 78
72 100
96 86
98 51
75 97
96 62
90 99
67 56
71 80
72 56
83 95
87 94
73 53
90 78
88 75
96 75
81 57
66 81
67 94
61 72
56 72
89 68
57 89
57 92
81 60
90 98
55 59
98 89
100 80
91 91
61 88
76 90
73 80
80 89
55 70
57 57
72 86
100 81
75 51
85 51
55 53
54 68
73 88
87 76
75 61
56 85
73 100
88 73
53 69
61 96
75 62
55 76
58 97
51 54
97 89
81 81
93 86
68 53
72 78
78 76
95 82
99 91
64 60
96 59
77 80
56 56
93 69
67 95
94 63
93 74
91 59
69 53
78 83
66 76
75 60
64 63
85 96
79 84
67 55
100 76
89 70
55 59
92 76
89 51
77 63
94 86
88 50
81 81
91 77
82 56
75 56
100 94
78 83
87 82
77 58
88 80
79 59
100 78
86 100
56 86
88 79
74 58
51 58
67 60
69 74
75 60
79 73
50 83
76 53
81 57
68 94
96 97
73 86
67 56
80 60
94 99
89 69
55 66
83 76
61 86
60 64
60 85
80 54
100 99
88 89
54 87
69 80
80 80
57 61
54 58
86 83
81 75
99 64
57 64
62 84
99 93
89 88
87 96
58 56
81 99
60 82
55 53
79 96
76 62
60 79
63 81
92 57
60 63
75 77
61 66
83 65
72 99
81 75
90 59
67 85
67 66
67 69
75 78
78 100
77 54
98 60
69 68
77 74
58 74
67 60
66 86
50 85
69 79
61 50
83 56
51 79
68 81
59 98
85 50
93 70
66 63
72 100
89 52
89 93
92 72
92 51
84 76
96 64
64 59
88 63
54 97
97 90
91 74
92 73
79 90
81 94
54 100
97 81
70 89
96 65
83 72
92 73
55 64
93 55
80 93
88 52
88 51
97 96
83 52
56 89
66 68
98 73
66 53
76 92
68 68
50 92
66 87
87 74
51 75
76 58
67 68
56 96
97 74
52 84
53 60
96 67
88 51
94 91
76 62
62 98
55 82
69 71
63 67
91 60
71 82
57 55
74 91
83 85
73 97
84 85
70 65
74 60
92 94
95 51
79 61
51 53
96 97
669 412 683
92 67
61 78
50 77
63 51
95 88
68 93
92 79
74 82
88 53
54 64
72 92
64 97
72 97
84 80
61 67
58 86
93 55
75 80
79 66
54 58
61 89
92 97
53 53
92 82
64 76
56 61
64 88
86 75
95 77
77 76
93 66
64 92
91 89
73 75
83 71
86 79
71 82
86 60
95 50
76 60
72 71
92 54
90 77
74 59
80 62
77 91
94 52
66 77
95 56
98 78
79 53
58 92
53 52
85 97
58 94
90 73
52 74
61 60
89 66
90 85
59 86
66 85
98 70
68 95
97 54
52 77
90 83
81 57
83 57
57 92
67 63
55 52
70 65
85 83
98 70
58 90
66 54
55 79
70 51
90 69
93 64
81 77
60 94
87 55
84 84
51 50
56 65
79 75
64 68
55 56
63 82
52 94
93 64
96 84
94 69
67 100
56 88
50 85
76 82
70 50
88 89
99 77
82 64
67 63
97 87
60 92
63 97
85 70
73 86
74 83
71 75
63 83
74 90
99 90
87 91
62 72
93 92
89 60
57 84
83 92
76 79
58 67
67 61
84 82
70 87
93 64
94 56
97 90
55 81
62 70
63 100
81 96
60 86
51 52
86 68
56 72
96 98
99 85
74 89
89 62
72 53
60 100
71 85
72 92
74 66
68 97
90 87
61 88
76 100
68 85
76 54
62 65
52 58
50 74
89 58
83 75
99 99
76 72
54 74
80 62
62 99
90 70
77 95
60 64
84 59
60 81
55 61
56 63
61 90
82 68
79 96
52 92
72 81
85 93
85 71
92 73
64 86
92 68
71 86
91 52
83 61
65 94
74 63
78 97
71 96
96 73
75 92
99 78
63 84
78 73
78 74
60 50
69 57
95 92
58 54
82 68
98 60
51 66
78 68
65 66
67 75
88 100
89 99
85 81
64 91
63 75
91 78
94 62
53 89
80 77
98 69
60 88
64 57
90 79
58 79
93 57
65 53
82 52
50 93
73 65
99 85
53 86
57 56
66 67
75 69
97 77
51 98
79 72
62 61
72 94
50 88
54 91
74 69
82 52
51 100
93 91
90 62
80 86
83 92
84 55
86 96
69 58
60 75
62 77
63 98
98 52
94 95
89 77
87 56
60 81
71 51
58 61
100 98
80 50
70 59
64 74
55 75
75 89
91 51
95 77
97 51
92 60
66 93
76 59
80 52
75 58
87 95
76 89
53 56
58 69
84 97
70 67
76 57
64 58
63 81
91 77
86 77
84 93
75 65
88 97
68 82
96 83
60 77
91 86
66 62
70 88
58 80
59 81
68 83
63 81
95 50
64 60
82 80
79 83
91 57
98 94
60 98
71 86
56 58
70 77
81 76
97 99
63 50
94 73
78 81
68 62
88 61
83 60
59 76
57 76
94 100
56 83
84 92
82 86
86 74
97 72
62 69
51 67
51 94
93 66
72 57
59 100
87 58
90 56
77 91
91 71
92 92
81 98
87 52
78 99
68 53
79 80
60 91
52 73
87 87
79 61
70 62
85 71
98 89
86 62
65 50
62 84
71 63
70 91
80 64
70 56
60 55
64 63
94 74
70 76
100 86
59 50
61 87
75 63
96 50
86 89
85 85
94 78
89 87
93 71
86 77
51 87
83 82
78 68
63 56
97 68
51 96
80 63
93 81
79 66
92 57
54 55
93 55
50 55
70 96
93 72
90 77
77 79
82 100
70 65
57 55
69 59
86 55
81 53
84 98
77 78
56 58
79 80
89 50
100 53
87 86
80 92
61 94
58 84
85 83
83 93
73 97
79 89
75 95
95 85
69 56
86 100
70 76
85 79
84 82
88 50
91 51
58 76
67 70
56 68
89 86
68 82
92 75
92 97
75 59
79 97
62 96
65 67
95 92
94 64
95 75
59 50
78 87
71 71
71 60
98 89
61 88
76 70
69 87
79 66
99 68
79 77
83 97
70 91
51 85
68 61
53 66
57 53
91 78
85 100
86 53
81 81
71 67
78 63
64 68
84 75
82 54
77 87
85 56
95 97
69 93
85 68
98 63
79 92
62 64
50 96
50 53
57 84
98 93
63 89
82 66
61 97
64 96
78 69
69 61
95 81
95 51
69 55
99 79
79 58
99 56
72 65
76 54
96 62
63 81
51 59
89 89
76 57
59 71
62 80
82 68
82 70
58 60
84 62
79 53
92 70
50 81
51 95
95 89
87 64
64 84
58 82
71 93
61 63
85 85
83 51
71 73
82 62
62 65
62 52
91 51
56 53
81 80
68 54
51 99
86 54
72 67
100 50
66 78
58 61
89 71
74 57
56 95
100 100
80 100
71 51
66 98
55 82
87 72
86 84
50 52
51 76
72 60
94 89
90 69
54 86
73 58
83 87
83 67
91 52
86 90
73 93
57 56
53 70
100 95
61 58
52 62
69 83
86 89
88 75
81 56
95 91
77 65
55 84
71 91
77 80
99 68
95 96
62 90
79 86
65 96
81 57
86 62
69 64
61 75
80 99
89 63
81 96
80 66
64 67
91 93
99 65
61 82
93 57
68 52
68 88
68 84
100 79
70 76
88 85
75 99
74 83
96 62
94 65
99 93
74 92
76 99
84 63
83 91
71 90
60 62
95 85
80 72
95 80
89 88
72 80
51 88
95 57
76 81
68 83
59 71
83 60
52 100
97 98
74 79
82 52
73 78
52 58
93 54
66 52
93 89
98 75
88 77
92 57
57 74
60 65
63 51
98 53
84 85
84 50
58 70
85 76
77 68
64 90
79 81
80 63
50 59
76 61
67 98
52 95
61 84
71 81
91 59
51 59
95 77
63 93
54 53
66 88
58 83
99 78
66 90
75 59
79 79
86 60
69 79
53 77
97 91
56 58
96 57
70 97
66 98
84 65
85 73
69 87
67 71
57 92
79 97
82 77
81 81
55 71
66 54
75 56
88 87
96 78
69 84
67 54
64 70
99 70
100 74
54 96
53 84
58 91
62 57
54 85
55 91
92 77
65 78
90 54
71 83
979 653 887
75 64
72 73
100 71
50 57
61 81
72 84
97 62
83 58
60 63
72 64
69 50
58 74
83 53
95 57
77 89
79 59
53 53
83 53
93 65
82 58
88 71
76 93
78 95
70 70
64 76
54 87
75 68
57 73
88 90
55 88
82 90
63 99
71 92
90 95
55 90
87 74
83 61
70 61
69 69
64 72
81 92
52 72
84 99
67 73
85 83
74 56
64 79
93 86
69 91
66 73
53 99
71 65
97 100
83 74
66 71
62 57
84 62
98 89
65 64
81 58
93 73
87 81
51 56
68 95
83 83
52 51
68 84
86 76
67 81
91 65
83 90
50 91
70 93
50 76
81 74
65 60
60 96
63 78
68 62
63 50
98 90
51 77
94 59
100 57
51 79
59 87
85 96
82 94
99 62
68 63
93 79
61 82
65 62
79 59
83 70
84 98
56 89
72 89
56 93
71 72
52 91
79 73
56 76
56 77
77 80
64 88
52 56
52 75
73 97
99 97
90 51
62 70
89 76
93 77
79 61
73 54
79 76
97 92
91 96
92 88
53 69
79 98
52 93
66 92
68 85
51 63
54 78
61 78
99 50
90 50
60 55
82 65
61 58
53 81
50 75
97 94
86 85
90 81
64 75
62 100
89 88
96 81
56 61
98 83
73 94
69 56
56 80
93 52
86 77
84 78
61 92
76 79
57 72
72 58
84 96
71 64
80 71
53 78
97 50
69 91
64 74
51 83
50 76
71 91
85 76
92 60
68 95
71 68
62 99
56 96
78 60
70 56
91 53
75 62
60 77
51 76
81 96
99 93
59 71
88 76
84 100
50 82
70 78
77 81
51 88
76 99
61 75
55 68
55 66
89 84
84 65
87 86
71 63
58 76
85 73
87 77
87 89
87 60
69 96
74 79
50 75
76 60
64 74
82 85
97 90
99 92
87 60
83 61
83 76
84 69
97 54
75 100
99 79
85 82
50 84
70 88
52 83
55 71
81 71
93 80
67 58
73 76
62 65
55 58
96 54
57 57
99 56
56 92
88 76
73 60
54 73
96 62
64 78
99 64
53 57
52 84
72 80
72 83
64 61
55 58
76 60
96 82
52 64
95 51
87 98
86 57
51 91
54 98
51 53
68 54
92 79
80 60
56 89
91 66
68 66
93 54
62 58
99 82
53 83
57 80
57 68
60 74
58 70
63 98
70 98
82 72
58 64
93 56
71 60
77 87
89 77
61 79
92 100
56 75
79 58
94 66
83 90
90 90
67 63
92 100
68 90
86 90
66 60
75 89
72 63
90 51
72 71
75 70
52 84
57 93
67 95
54 78
92 75
72 94
76 50
94 70
94 53
54 99
93 51
77 73
80 69
61 54
71 66
91 86
85 62
98 88
62 76
67 70
93 79
80 64
70 73
70 90
60 69
81 55
97 69
98 60
65 58
75 60
62 98
58 72
63 84
66 81
65 87
63 73
92 82
76 68
88 65
99 83
64 62
96 50
97 90
58 100
63 51
90 52
91 65
59 75
60 60
51 95
79 76
54 93
61 93
66 71
58 81
91 69
61 58
87 92
55 94
76 61
69 59
88 57
79 52
57 69
58 90
79 54
83 96
98 65
84 73
70 56
56 99
98 94
68 66
51 54
92 70
57 54
60 84
67 57
72 85
95 82
78 73
94 71
96 57
61 83
64 70
50 90
82 75
68 59
96 69
71 72
72 50
61 75
67 85
68 74
76 85
68 71
90 100
85 70
74 57
57 63
73 95
93 64
54 86
97 85
75 88
60 58
62 98
82 94
74 73
70 83
72 82
91 63
54 71
57 76
96 77
72 65
54 98
74 57
79 81
55 74
55 95
95 87
67 88
68 87
52 96
62 96
83 61
77 86
59 87
62 55
55 74
69 65
97 100
50 100
74 85
69 69
93 79
74 88
100 90
95 89
59 98
66 51
93 62
84 88
55 96
79 64
73 54
57 86
94 58
56 86
58 52
56 80
85 55
78 64
73 77
85 78
81 79
96 100
53 88
93 75
87 80
51 80
75 75
86 91
76 79
92 71
100 92
95 56
91 57
92 53
57 68
84 70
97 50
61 65
57 100
82 88
74 97
50 59
70 54
53 69
92 87
53 91
94 54
75 81
67 56
50 65
76 88
96 85
96 77
71 95
100 87
50 89
62 53
88 91
97 93
56 56
50 59
87 96
88 89
77 78
58 82
67 69
76 56
95 58
57 68
73 85
91 96
55 86
53 93
57 51
92 55
69 72
93 83
63 59
83 71
89 88
69 74
89 75
90 99
51 92
86 75
55 64
52 82
96 66
88 92
73 70
72 74
67 67
82 54
75 66
70 61
60 60
61 93
97 58
73 100
94 66
72 60
98 72
93 93
88 68
59 65
77 93
50 92
84 83
89 54
60 66
81 63
62 83
84 61
56 87
79 96
87 99
54 53
73 85
79 99
60 72
67 94
98 67
58 57
58 65
99 64
53 53
74 66
85 63
56 85
93 53
71 87
79 63
74 97
74 81
70 89
53 66
79 98
94 77
69 71
80 82
78 50
57 71
99 77
96 90
83 57
90 80
69 83
88 65
82 71
94 88
64 89
52 98
65 84
60 70
94 96
80 70
83 72
75 82
72 68
77 81
71 86
54 87
56 71
72 86
69 65
95 68
99 88
81 76
53 72
79 70
75 57
96 100
89 87
56 70
52 58
53 53
100 74
64 71
88 98
52 54
88 82
87 51
62 60
78 79
82 58
51 82
99 85
56 78
53 87
56 52
94 65
98 79
59 62
58 51
86 72
89 69
79 65
51 89
60 67
69 71
88 52
57 87
55 99
55 89
66 55
90 95
84 86
70 79
65 87
66 61
99 69
85 56
54 97
52 95
55 65
52 96
97 70
69 94
56 78
94 61
92 83
100 81
63 80
53 81
76 69
58 72
92 81
87 69
71 72
97 56
53 50
62 68
79 92
68 84
96 83
51 60
80 96
89 58
76 71
93 66
88 52
99 91
52 88
65 67
64 91
82 100
83 84
99 82
91 56
93 87
55 53
50 86
61 83
72 59
85 91
60 79
75 80
81 79
79 66
97 64
77 61
100 81
84 80
65 99
68 52
66 91
55 95
59 72
79 77
93 77
73 76
50 92
92 88
76 55
83 97
64 51
68 86
93 60
87 98
68 52
92 62
82 89
76 96
75 74
72 52
80 89
56 52
67 95
63 60
95 66
76 54
75 64
71 95
63 68
94 62
92 87
70 57
56 65
52 57
96 86
67 82
76 71
65 56
74 73
50 67
87 55
58 60
91 80
68 96
95 51
95 73
66 90
50 88
72 68
91 74
64 87
83 65
97 55
84 82
75 86
58 59
93 91
67 50
65 87
80 55
58 86
83 52
73 88
98 83
50 81
75 50
80 63
74 53
87 97
63 74
88 83
63 50
65 81
61 83
67 100
65 63
59 73
53 98
71 86
80 72
90 57
74 91
60 97
90 63
65 84
77 65
69 51
69 67
78 78
69 56
54 96
74 55
71 80
65 63
96 70
98 90
64 71
95 69
96 53
93 68
87 54
59 95
63 86
89 75
69 96
92 96
62 78
83 86
73 100
87 80
93 78
85 50
91 86
93 64
75 67
69 58
57 92
74 50
90 92
90 97
74 59
72 97
69 77
73 97
65 93
61 65
88 89
89 58
95 95
92 53
68 85
72 78
93 58
57 70
90 65
60 83
53 83
89 75
59 66
94 100
79 99
98 90
90 51
50 60
85 65
88 71
82 69
75 63
60 76
59 84
73 98
78 73
89 70
92 55
59 65
99 84
61 92
95 69
56 100
72 55
62 89
58 62
79 53
57 96
67 53
64 68
82 85
100 77
75 74
59 72
61 87
72 98
94 89
54 56
66 81
66 100
54 66
78 72
99 74
92 98
93 61
71 69
57 98
75 80
69 58
66 67
86 57
70 54
78 70
93 62
89 64
61 59
93 59
52 96
73 72
71 86
62 94
62 76
92 74
77 75
97 59
81 84
52 75
84 72
75 76
50 58
87 79
78 91
67 79
55 66
100 53
65 59
70 99
72 67
97 88
77 89
84 84
60 94
73 72
90 92
69 93
75 99
82 90
59 62
64 84
64 73
91 83
66 51
70 61
62 63
73 66
82 84
100 57
66 83
74 57
74 63
58 72
57 52
90 62
60 82
86 58
85 57
77 91
69 70
77 64
90 89
95 89
82 61
68 83
63 51
54 57
94 58
57 69
72 74
59 84
84 58
53 58
82 79
81 94
69 97
78 50
96 81
77 72
57 50
95 92
55 100
70 84
81 85
50 55
86 72
93 89
79 82
61 64
80 78
95 96
53 80
74 62
93 80
54 95
61 75
92 87
77 67
96 78
53 64
73 74
82 57
75 98
93 79
100 100
64 95
863 609 629
53 98
85 61
76 60
64 66
79 62
74 75
69 50
53 70
53 62
67 93
89 76
87 79
99 59
68 83
65 92
91 74
84 70
83 95
67 52
73 78
72 53
56 81
71 71
88 82
62 53
100 55
79 63
50 97
96 100
77 69
60 69
84 50
74 61
80 96
86 88
60 77
64 78
57 64
85 64
60 65
70 56
55 88
97 51
98 92
57 70
65 59
100 77
64 54
51 70
78 76
93 77
67 55
75 57
79 78
96 76
50 58
55 99
99 87
60 100
78 97
92 87
80 51
82 82
50 62
76 95
59 90
56 55
67 70
76 75
98 65
99 52
68 84
96 90
75 83
81 64
88 97
76 97
81 69
57 58
68 89
59 68
54 70
81 78
67 94
51 86
99 74
100 100
50 59
86 71
90 54
54 62
64 54
76 58
52 96
95 50
81 74
65 61
71 74
92 97
100 82
97 54
74 55
87 60
95 90
86 86
93 97
89 97
56 70
60 82
85 65
85 94
86 68
79 95
89 93
99 88
68 77
77 87
97 83
69 90
81 98
86 99
97 58
99 69
81 83
69 50
51 82
65 82
99 80
98 74
82 94
73 80
50 58
62 84
89 94
100 91
71 83
74 99
64 98
69 52
82 78
64 76
96 71
51 99
90 68
54 65
89 81
55 67
64 98
52 64
89 66
76 67
74 60
51 65
71 76
84 58
92 50
59 73
68 54
62 98
93 87
67 85
73 92
91 65
70 65
56 52
63 68
87 81
96 93
57 89
71 73
72 72
76 63
81 60
55 97
55 65
80 52
53 84
74 100
89 89
59 59
70 55
52 83
86 56
85 68
69 51
56 84
93 100
54 96
64 78
92 68
78 81
59 89
98 77
94 97
86 70
51 66
79 83
57 80
81 58
82 70
77 56
53 95
71 98
67 87
83 64
50 83
78 81
72 56
56 81
75 98
85 80
68 66
77 55
68 78
59 76
78 78
94 97
60 54
80 100
97 89
65 55
59 68
80 64
77 51
89 85
51 81
52 97
88 67
91 53
93 84
80 68
92 95
95 61
61 97
92 55
82 79
84 52
62 50
55 93
54 82
67 97
58 83
99 62
99 88
73 51
72 51
69 96
95 64
56 82
78 73
98 63
60 68
91 77
85 93
53 58
92 86
61 77
51 56
78 55
75 88
63 85
51 56
93 74
56 71
75 71
89 50
56 70
94 51
87 65
50 50
80 74
51 87
50 82
69 99
86 70
57 100
65 59
93 62
61 61
73 58
82 60
69 76
98 61
95 64
63 67
88 85
54 80
67 79
76 88
100 95
70 77
82 88
99 75
50 90
96 71
66 72
77 87
79 65
70 66
87 88
60 51
85 82
57 71
82 52
51 51
68 81
73 54
97 81
78 94
61 63
85 100
60 63
56 92
56 56
97 80
73 51
92 82
74 93
84 73
61 99
60 98
52 68
99 63
98 79
53 56
74 84
71 58
67 68
89 59
68 90
56 70
50 90
84 95
53 88
80 98
79 84
82 68
50 84
74 74
64 64
94 91
77 55
66 81
98 59
62 57
75 78
50 56
70 63
89 63
93 60
71 52
55 54
59 81
94 94
80 60
57 87
69 82
69 60
62 76
72 72
70 73
87 59
96 77
84 97
59 54
89 88
81 53
82 50
70 96
82 76
52 55
90 93
94 92
52 68
50 85
55 65
52 100
68 57
68 92
78 50
74 78
67 66
59 63
91 86
52 50
96 85
89 93
71 64
88 78
92 96
92 70
79 70
76 68
75 73
88 73
60 50
99 95
51 85
78 63
95 52
78 58
68 59
63 78
74 100
59 55
98 84
71 69
89 56
94 92
99 67
51 63
79 69
98 63
68 53
52 94
76 87
53 87
96 64
62 71
94 66
96 59
58 67
88 73
85 70
72 98
78 92
85 88
58 91
94 93
76 91
51 93
69 61
96 94
88 91
64 97
76 62
97 78
94 88
71 86
71 61
70 63
52 66
96 100
80 81
75 100
75 95
83 66
95 97
81 83
58 59
56 54
56 92
76 64
98 52
54 65
70 90
67 53
58 96
68 77
54 82
73 85
91 77
92 82
69 63
50 78
77 87
69 58
54 63
70 55
57 53
82 50
65 73
59 91
85 58
50 96
84 68
77 52
89 85
66 98
78 67
82 74
77 82
77 89
66 63
55 61
80 77
51 91
91 65
84 52
86 55
55 60
74 54
62 81
81 80
94 60
55 69
62 71
78 60
84 50
94 73
55 63
78 97
69 53
96 50
72 60
86 57
94 82
60 91
69 58
99 96
91 59
52 85
70 82
68 85
63 97
88 96
69 84
96 89
73 73
51 55
93 57
73 75
55 52
70 74
59 54
94 88
93 54
55 92
82 67
51 86
62 70
81 89
62 95
97 64
60 88
68 57
80 83
76 53
69 61
77 81
71 62
90 52
62 62
73 99
95 62
93 59
70 75
71 50
69 60
73 98
90 76
58 75
66 57
73 94
64 63
60 83
62 53
56 93
96 95
52 91
83 94
56 66
64 96
100 64
77 75
66 61
94 54
72 65
99 56
86 66
57 70
86 73
89 50
70 63
84 69
72 84
69 69
100 68
59 93
58 66
82 78
96 92
66 68
76 70
95 73
88 85
73 70
52 86
84 92
53 96
81 65
50 73
73 95
58 61
55 76
67 77
59 87
72 90
68 98
96 83
83 86
97 96
73 59
62 62
83 65
71 86
97 77
99 96
64 72
77 52
74 58
83 78
57 92
52 90
93 90
61 51
76 95
78 57
96 68
98 96
63 74
65 79
76 69
91 85
96 83
78 55
75 78
50 99
73 85
100 57
87 91
59 90
92 51
72 89
82 86
97 55
69 51
50 92
79 95
56 84
60 86
61 75
100 83
61 60
81 61
97 91
80 61
62 82
96 92
56 93
61 77
86 82
63 59
58 51
73 72
76 81
51 56
58 89
72 70
99 85
56 98
91 78
76 57
59 58
72 85
88 96
96 96
76 73
64 55
80 65
96 71
50 98
52 57
91 94
63 52
83 68
54 97
79 55
62 85
89 52
55 90
57 90
51 100
97 94
85 71
63 53
58 86
56 53
62 98
87 53
74 66
62 72
76 51
68 100
81 100
91 88
74 93
82 54
87 61
87 99
63 60
63 60
70 66
74 56
85 57
68 92
81 75
99 61
72 97
72 91
71 96
85 53
57 84
98 79
89 52
90 100
70 70
71 71
78 83
91 61
58 76
68 86
59 98
96 51
60 76
73 64
80 79
55 50
64 89
98 95
75 97
67 54
94 83
59 93
89 85
78 62
96 51
68 70
78 57
99 63
84 50
78 86
68 88
67 70
84 98
86 98
79 79
75 53
54 86
86 97
79 62
72 92
64 64
79 90
100 72
87 64
69 64
53 64
76 80
86 75
68 63
99 53
65 51
63 57
64 91
98 97
75 89
57 53
64 77
69 93
94 69
52 66
91 94
81 51
73 57
69 81
65 99
69 61
95 55
88 71
92 65
98 79
89 82
68 68
95 62
79 54
53 63
95 54
95 82
93 58
90 69
53 92
51 99
51 67
89 75
93 60
87 80
100 79
75 55
72 51
91 61
63 69
94 89
66 61
97 64
95 67
77 58
61 70
71 87
94 99
67 63
61 52
61 94
57 57
96 59
87 82
61 74
73 54
63 99
83 64
52 96
73 50
74 84
60 69
99 94
54 51
90 80
98 57
51 94
82 79
86 84
70 52
78 52
57 50
84 78
51 64
65 50
53 56
68 96
89 97
94 70
65 63
70 80
83 67
93 73
50 71
100 76
68 73
95 93
77 82
78 99
69 65
97 87
55 54
96 83
89 71
69 70
61 71
83 56
95 52
59 80
69 100
55 62
582 244 657
54 94
68 59
85 85
67 71
52 53
72 66
56 79
72 72
84 85
89 77
69 72
90 51
88 50
65 95
96 51
89 61
89 75
52 55
80 62
62 95
95 93
87 53
69 74
57 66
64 86
78 85
78 85
78 75
61 83
61 68
52 56
63 96
73 59
63 92
63 60
56 63
74 84
94 71
82 91
73 57
66 63
88 53
71 77
67 85
51 82
57 84
97 52
88 70
55 72
83 69
51 98
64 85
58 76
53 57
92 69
54 72
85 79
71 51
92 50
54 97
95 65
54 79
65 97
87 65
73 75
62 81
83 90
87 65
69 62
86 79
88 74
50 71
58 66
73 63
86 83
58 82
55 85
71 95
80 57
56 91
54 82
58 74
62 96
83 54
75 79
84 50
52 50
78 75
96 51
64 61
64 58
63 100
56 62
99 56
54 91
53 84
51 71
58 93
65 63
73 63
62 98
85 81
92 100
55 87
72 78
53 69
100 69
67 58
81 94
52 62
55 99
82 68
67 66
78 95
60 95
86 81
95 61
83 76
70 75
94 79
76 98
94 50
91 97
58 57
93 59
71 52
53 73
60 65
64 86
85 74
93 85
87 92
93 71
51 74
73 95
72 74
68 90
50 60
93 51
74 99
70 76
58 55
61 77
54 91
95 63
88 69
100 96
56 78
85 64
70 89
87 50
98 60
78 51
56 75
53 50
76 94
62 52
93 55
91 87
98 79
93 60
93 67
74 90
68 58
66 87
74 85
52 52
66 84
96 83
62 71
92 99
53 67
98 57
77 74
85 79
94 61
90 65
80 65
52 85
76 68
60 78
100 71
64 85
78 57
100 93
66 64
84 53
57 95
64 85
71 92
82 61
55 60
70 55
51 75
76 94
77 94
65 98
52 79
78 71
66 71
89 94
71 93
87 78
80 54
97 85
73 74
60 60
89 77
82 62
94 92
58 88
72 71
60 74
57 68
54 78
68 88
90 55
70 67
84 81
56 90
85 68
53 88
94 89
69 100
51 66
83 59
77 65
89 100
76 51
99 97
92 56
92 76
98 77
78 74
73 91
83 65
55 58
60 84
81 55
85 77
68 65
92 68
50 56
61 61
69 96
53 74
75 100
57 88
54 90
66 68
80 53
98 58
50 52
64 73
51 91
56 78
78 50
78 96
73 95
82 75
68 81
72 70
80 89
100 62
64 64
67 78
64 53
69 70
73 84
90 58
53 94
87 86
79 100
58 70
57 98
100 66
84 87
99 72
92 76
61 73
68 85
70 66
66 76
99 87
50 59
94 99
88 57
58 63
63 84
74 78
78 75
62 55
63 92
89 99
96 73
50 50
62 88
70 100
95 90
66 55
75 75
50 61
99 62
51 96
96 99
88 80
93 83
51 75
67 52
72 93
83 96
82 94
95 97
70 61
56 91
87 79
52 54
63 76
66 96
96 80
62 91
96 61
60 56
51 52
92 92
93 61
59 85
70 62
78 64
97 73
69 73
64 54
98 53
61 53
59 100
70 78
59 98
51 63
53 93
57 86
85 73
55 75
95 90
56 99
63 89
65 54
54 67
76 85
61 74
89 91
61 99
71 55
85 79
77 53
74 72
97 92
84 87
82 80
100 81
62 55
75 87
66 98
67 58
65 81
80 58
84 62
91 84
86 86
73 66
59 59
83 72
90 97
81 87
99 58
92 62
70 78
79 74
74 64
99 63
80 50
78 70
53 68
85 84
69 75
55 97
93 96
60 67
100 97
58 57
98 72
93 75
83 64
63 68
73 52
79 94
71 87
81 73
94 99
95 94
99 92
82 91
57 73
70 81
75 94
56 86
87 68
78 67
77 61
82 76
98 80
63 96
58 67
66 68
93 69
61 62
61 60
73 86
54 94
58 52
51 81
50 99
89 65
84 59
52 61
74 91
56 84
95 79
85 73
61 100
85 62
93 91
88 56
78 84
54 100
86 73
87 59
62 71
69 81
92 59
65 87
79 84
77 82
61 98
92 85
96 86
58 67
96 57
72 59
50 100
54 100
69 98
83 88
93 69
68 91
61 69
69 76
90 98
80 87
90 77
55 94
79 54
98 51
81 72
52 76
91 86
74 68
60 66
94 85
72 83
90 87
95 52
76 57
56 58
98 100
77 58
51 91
71 65
83 82
62 82
51 59
54 83
73 75
92 57
79 69
88 88
88 99
58 97
72 78
81 99
59 61
78 93
99 78
85 94
59 84
64 88
81 76
86 56
54 54
73 72
77 53
100 62
53 59
96 63
67 60
53 91
69 61
72 94
54 63
98 62
82 86
62 66
69 86
78 87
54 67
93 64
79 94
99 59
67 65
87 94
63 81
95 68
65 52
88 52
59 79
66 83
94 87
79 63
81 65
51 85
59 56
50 99
75 75
80 81
89 57
84 97
86 73
86 72
91 60
52 92
65 64
77 76
96 98
62 53
58 72
57 58
95 56
99 65
81 85
86 81
55 82
62 57
89 54
80 58
57 99
87 66
85 51
79 93
63 50
50 52
94 82
92 77
96 63
83 68
72 68
94 51
77 94
81 86
62 60
90 64
59 84
69 68
84 79
53 64
55 57
91 93
85 99
62 87
77 50
64 56
57 65
76 64
97 82
611 444 532
89 73
86 60
92 72
68 97
85 70
85 77
78 75
100 77
69 55
77 71
51 90
65 53
63 59
87 67
94 95
70 91
99 70
86 50
100 86
71 88
81 61
100 56
80 83
99 50
82 63
81 53
69 79
78 72
99 67
83 78
94 54
91 99
89 74
81 74
65 79
88 67
64 58
87 89
81 66
78 58
85 67
65 100
63 69
61 92
56 86
55 71
64 50
99 96
60 88
64 81
51 59
55 86
59 90
81 56
89 77
78 56
50 91
93 83
59 86
55 52
80 82
69 100
57 86
95 69
96 59
62 87
78 62
59 51
100 83
81 84
78 62
77 72
63 97
91 50
52 91
51 78
73 81
93 88
83 67
71 88
63 68
78 68
59 75
71 98
93 75
69 53
96 53
93 95
82 62
79 94
81 97
93 52
85 90
57 54
100 92
100 90
84 75
99 57
51 96
91 85
94 80
80 95
68 58
72 51
58 67
70 51
79 94
67 83
80 73
90 97
75 51
70 85
77 70
99 54
96 89
72 97
70 62
62 100
96 90
65 60
55 83
95 73
94 84
86 95
93 95
62 53
97 54
81 81
86 56
53 69
61 72
65 54
97 92
72 77
83 51
65 54
90 65
97 97
77 93
68 76
75 87
68 71
74 62
83 79
97 80
53 100
87 91
65 60
58 87
81 98
81 81
57 60
73 67
59 93
95 86
86 51
74 85
64 51
59 96
69 97
51 87
88 98
79 62
85 70
67 51
75 89
85 68
52 90
73 68
71 67
53 51
58 51
94 91
85 60
55 68
68 88
51 94
82 52
75 63
71 76
51 72
58 57
76 100
73 97
87 64
64 59
95 60
74 77
92 85
95 96
82 57
52 87
51 64
67 68
60 76
83 66
98 93
74 87
50 56
78 85
56 95
90 67
57 57
53 68
63 90
90 50
93 53
74 62
97 80
84 74
94 85
51 55
63 81
65 100
93 51
75 52
84 71
63 80
54 50
94 79
88 65
60 59
50 98
79 56
51 80
65 92
84 55
65 75
93 97
89 67
96 59
77 98
66 100
60 86
67 92
83 53
77 80
80 77
54 65
92 95
80 65
91 61
100 56
96 57
100 95
57 95
59 50
87 87
55 85
79 96
87 79
97 90
94 70
67 75
56 78
97 77
84 50
64 90
56 84
63 72
69 64
59 68
74 58
90 72
57 66
100 79
50 58
57 70
66 56
90 76
86 90
94 58
55 68
85 72
88 54
52 50
68 79
52 60
68 84
73 56
53 82
91 50
52 63
73 76
68 82
71 50
93 60
96 56
100 89
63 70
50 50
63 84
89 89
75 53
60 70
61 91
53 60
50 88
96 55
72 64
73 61
89 63
58 96
71 92
88 89
53 57
83 73
88 52
80 98
69 99
98 63
78 79
86 97
62 83
58 73
99 66
69 90
78 85
50 69
71 81
91 94
74 78
56 84
51 75
98 73
74 93
55 54
84 65
50 78
75 70
55 96
95 53
61 64
63 78
75 55
60 67
57 82
58 89
83 62
95 62
72 95
93 84
77 89
70 92
89 86
61 53
95 80
75 78
76 80
55 67
89 96
94 72
87 83
85 73
69 100
53 82
67 85
99 91
99 56
91 100
88 91
98 97
74 69
82 89
81 65
53 86
85 100
96 60
81 78
61 71
92 87
87 77
83 92
77 52
68 98
51 58
85 77
59 86
83 95
61 92
81 64
83 96
53 66
66 90
58 68
91 58
77 86
51 90
97 71
63 99
54 68
88 52
88 54
86 77
92 67
76 64
50 55
86 69
91 66
84 96
61 54
85 72
96 88
78 52
57 93
89 65
88 100
67 96
78 82
70 88
80 68
95 74
79 71
71 53
73 94
50 51
68 86
60 65
51 75
50 75
51 81
65 72
80 98
75 64
92 53
74 65
60 91
69 56
91 64
56 86
74 81
85 84
97 79
91 82
70 65
77 76
98 66
74 76
50 61
58 55
84 86
60 51
94 83
57 99
52 58
72 56
82 82
60 91
52 73
54 57
72 66
62 75
76 70
65 91
73 60
51 53
68 79
72 55
52 67
55 99
100 88
97 72
98 89
72 50
96 62
73 84
97 68
55 74
66 82
96 69
80 86
59 74
58 63
74 70
83 86
78 86
87 95
73 93
79 61
88 63
56 50
66 95
68 54
90 84
53 52
58 59
64 81
58 77
51 92
79 88
65 93
63 52
56 87
99 62
96 100
78 67
87 69
70 86
65 77
91 91
54 55
54 57
89 99
92 91
73 68
53 82
91 75
98 67
61 65
83 91
95 68
60 59
82 92
75 73
94 96
53 62
70 83
54 80
65 82
78 83
66 88
86 84
57 54
98 52
64 55
78 70
52 98
93 86
77 63
86 79
75 76
66 81
89 66
81 67
77 93
52 81
100 71
89 57
99 73
100 75
94 51
59 50
65 53
59 86
87 51
91 98
77 53
74 66
89 86
82 77
96 58
69 76
95 93
97 95
61 57
86 85
99 98
97 67
52 61
67 73
59 61
65 61
81 64
85 58
62 100
92 77
68 57
100 53
81 70
89 91
64 77
97 93
90 64
85 62
97 98
54 55
73 88
83 98
91 64
65 50
78 52
64 80
58 59
73 56
79 86
97 70
70 88
97 70
52 65
78 90
58 55
98 87
90 93
82 59
68 59
88 92
95 87
62 93
76 64
62 67
83 64
68 81
86 60
93 58
56 89
78 97
73 86
88 95
77 68
83 54
61 74
923 488 679
80 85
83 90
84 69
70 68
67 81
70 99
65 84
96 87
75 100
76 91
55 84
59 85
82 86
96 72
83 65
52 83
59 70
83 74
83 60
74 60
91 83
77 56
67 73
82 96
94 85
81 85
91 70
66 89
50 77
83 93
93 52
56 61
94 62
88 70
64 62
96 92
80 99
97 76
93 99
60 85
73 94
73 65
76 61
61 57
100 68
62 99
84 90
87 100
61 88
100 93
57 57
70 65
86 65
94 53
88 98
89 64
54 93
89 55
53 76
60 93
71 61
98 70
66 61
75 62
65 73
52 86
66 70
96 95
62 92
73 64
50 55
71 88
81 51
92 98
56 52
91 70
51 93
68 69
67 55
94 66
63 80
55 55
88 93
63 71
53 59
86 86
84 93
50 68
88 53
92 66
91 93
54 55
94 82
75 80
84 54
100 98
59 93
97 82
59 76
93 94
79 72
71 78
50 61
81 55
83 57
81 77
72 68
52 50
51 72
90 79
82 85
58 54
96 52
100 65
87 65
56 56
73 82
93 69
53 81
61 60
53 99
55 59
74 73
61 64
92 80
99 86
67 85
51 91
97 60
80 67
97 77
77 67
52 65
60 99
53 66
78 83
69 53
73 86
60 99
65 56
89 73
52 50
71 93
60 57
94 71
74 65
77 94
76 77
59 95
65 72
51 70
87 70
74 91
54 54
73 71
72 71
52 59
93 85
59 62
66 94
55 71
90 86
87 84
86 52
59 80
80 71
96 56
73 99
64 58
51 72
84 53
57 93
76 54
71 50
65 70
92 53
86 100
84 72
82 99
59 76
97 99
69 72
72 82
51 70
53 78
58 80
65 74
54 94
98 52
59 50
85 94
54 59
97 73
90 72
69 56
62 99
96 94
65 63
92 98
58 51
69 74
58 86
93 86
50 53
65 61
97 91
52 72
64 61
72 77
80 79
80 87
70 99
53 65
51 87
99 52
62 71
72 57
86 85
74 78
78 90
64 84
65 92
56 60
59 78
100 86
89 84
96 69
74 77
64 58
57 61
92 68
67 75
87 66
93 96
51 97
97 56
70 60
77 81
80 54
88 99
53 91
73 89
96 85
54 51
86 68
61 59
50 91
52 57
76 80
87 81
97 89
52 67
82 51
54 92
51 72
59 90
98 97
97 65
94 67
82 79
54 72
58 61
78 79
75 60
68 68
65 70
84 62
64 73
86 72
94 85
50 54
73 59
90 63
98 77
79 55
75 68
97 93
93 53
54 62
69 91
53 89
98 83
72 57
75 93
95 65
57 91
77 79
58 94
81 93
52 66
61 99
92 50
77 60
69 78
82 75
94 56
68 69
61 97
60 87
100 93
93 55
59 80
56 77
63 69
85 50
78 67
63 67
95 55
77 60
85 96
98 69
62 90
94 79
82 81
64 80
91 51
87 96
100 57
89 97
53 89
83 84
75 84
85 74
69 74
93 79
67 51
97 79
68 68
73 80
79 63
58 88
69 78
50 53
80 90
67 52
60 90
72 86
99 93
76 60
79 83
54 93
70 69
79 96
100 74
66 70
67 56
60 83
71 83
63 63
82 62
62 94
78 73
60 96
74 88
70 75
64 64
91 94
90 71
50 63
65 79
88 78
57 82
82 77
75 61
72 71
82 50
73 89
71 73
75 64
91 63
95 51
89 55
70 59
88 99
94 99
51 55
65 55
59 79
85 72
85 96
92 53
81 86
95 61
55 68
75 81
70 71
80 65
70 66
69 61
54 58
69 94
79 90
86 62
87 83
98 65
82 92
78 76
57 88
51 73
87 85
58 89
74 55
57 84
73 95
58 63
73 77
91 96
93 86
65 52
96 73
100 85
80 82
88 57
81 88
90 93
93 79
75 56
60 76
83 98
58 58
82 94
60 76
56 95
60 76
61 70
88 58
80 77
97 69
53 74
53 93
69 58
75 74
75 85
60 56
76 51
80 75
59 54
94 55
61 51
51 79
52 52
80 59
73 97
54 93
76 70
98 79
54 95
63 61
55 88
82 80
80 69
80 52
87 56
50 76
87 76
80 58
57 55
69 55
65 89
95 52
53 70
50 96
73 68
85 92
92 85
57 99
65 59
92 64
81 79
90 99
97 61
80 89
63 90
59 100
60 86
96 72
60 99
98 84
67 94
65 79
88 63
86 100
52 87
57 53
86 64
71 73
80 80
80 61
70 82
82 91
66 64
52 60
79 89
76 61
52 96
90 75
73 78
98 98
61 76
97 75
80 65
84 97
52 94
90 79
62 81
80 51
87 50
91 57
89 94
52 60
72 100
80 91
69 76
61 52
50 98
51 62
82 57
85 54
67 69
72 57
92 63
70 80
89 73
99 58
54 91
55 74
62 81
100 55
96 66
65 87
96 76
81 61
92 94
51 88
71 89
63 95
64 90
94 87
61 61
100 80
83 87
50 78
68 53
60 77
71 62
82 85
58 60
89 97
99 83
52 65
100 56
89 57
53 90
69 90
55 81
74 68
54 62
76 86
57 62
60 60
58 64
93 70
85 58
95 90
61 92
79 62
78 98
73 86
98 95
59 94
84 56
56 59
99 59
57 80
79 66
81 100
61 84
84 70
92 94
76 60
88 83
61 61
76 57
74 72
65 90
62 64
50 93
62 61
88 89
50 87
68 66
60 75
71 57
74 54
89 99
62 60
61 70
70 94
88 92
54 78
62 99
63 67
75 97
56 78
77 99
87 52
93 92
56 94
75 92
88 97
67 79
69 93
79 71
88 82
98 58
86 58
52 72
81 92
84 86
97 98
69 85
56 69
69 57
83 91
100 95
62 84
55 84
70 83
95 96
77 54
69 51
88 95
60 98
96 93
99 100
55 89
54 69
79 90
90 54
83 85
61 80
64 58
63 91
90 60
59 53
69 72
91 97
66 81
97 88
66 55
71 86
51 96
95 72
86 72
60 83
97 83
62 50
62 66
96 54
76 59
95 85
99 64
99 100
66 95
80 78
61 62
66 82
96 76
63 55
88 51
62 87
55 64
57 83
53 75
57 63
73 74
93 58
60 50
73 84
52 90
87 71
73 89
60 97
55 76
52 60
59 85
61 64
100 64
72 67
61 73
80 51
92 84
56 61
68 82
100 83
57 74
63 79
72 75
78 62
61 94
75 85
76 75
95 72
69 83
50 90
57 99
65 99
83 75
87 60
56 66
98 75
89 54
89 90
67 66
76 77
68 77
71 56
76 83
54 69
65 71
80 75
67 83
87 54
67 83
86 95
83 63
86 75
81 90
52 85
82 55
75 97
59 52
54 62
89 52
68 86
86 59
54 64
58 100
58 72
63 60
75 80
81 85
99 90
79 84
89 68
66 66
98 88
57 54
63 73
75 68
67 60
58 56
87 61
74 71
89 100
64 100
70 79
86 84
96 63
61 82
50 81
79 55
69 56
75 85
65 100
97 62
84 50
53 100
79 89
64 76
65 55
54 63
81 96
80 97
50 97
54 65
53 56
89 99
99 82
79 71
63 60
98 94
77 57
99 66
50 94
68 82
77 99
62 65
61 80
90 61
53 91
79 56
84 55
74 51
66 64
60 66
97 58
54 89
90 73
64 91
83 92
79 66
65 62
71 61
86 100
68 50
94 82
80 83
62 61
76 54
99 50
71 69
54 76
89 64
78 65
99 66
84 68
68 59
100 80
98 83
62 52
54 86
68 52
51 61
59 99
77 80
83 68
59 79
52 65
100 64
51 72
67 65
93 56
96 68
55 73
65 96
99 76
99 98
50 69
90 88
50 100
98 73
68 69
78 64
84 71
93 84
85 82
64 68
55 65
73 84
93 88
62 51
86 74
86 70
69 71
80 66
91 53
80 83
51 65
74 86
62 60
81 94
73 82
63 93
93 80
94 90
100 57
60 96
100 98
99 66
75 66
85 67
69 55
82 87
80 94
67 63
91 78
86 92
56 69
53 96
52 61
86 70
60 87
98 91
60 82
51 64
72 85
68 51
69 80
83 86
73 90
52 88
91 90
95 81
90 66
53 84
57 72
84 92
58 79
93 50
72 99
95 81
97 78
76 60
56 77
87 92
60 77
50 50
99 70
100 74
90 98
64 92
61 77
59 82
83 99
85 91
57 86
66 50
82 95
68 57
52 91
88 78
100 88
712 536 517
66 55
99 93
67 80
61 75
73 50
85 75
87 50
76 77
77 54
95 98
83 81
65 74
58 51
57 84
64 50
58 100
81 74
65 59
73 66
57 58
66 64
54 50
72 88
84 87
80 99
75 95
73 60
85 85
75 52
87 71
99 52
93 71
52 70
68 61
70 81
61 68
53 61
90 51
55 56
88 78
53 51
66 81
54 68
99 59
93 60
98 77
98 62
58 61
58 59
78 95
86 57
59 59
74 90
84 61
59 60
88 51
82 71
69 86
70 51
90 52
87 67
58 78
90 99
84 90
66 59
67 98
99 70
68 55
85 69
64 80
94 86
84 77
97 58
86 94
89 73
72 65
99 80
65 96
87 75
92 72
59 92
77 50
89 77
95 98
55 68
54 65
81 94
73 65
84 90
74 100
98 81
53 82
63 73
71 76
82 72
96 88
83 68
99 70
81 59
74 96
70 80
73 93
70 61
88 76
79 94
81 85
64 100
89 67
91 99
90 91
98 69
60 62
80 75
81 66
92 54
63 96
79 98
88 83
66 69
52 54
60 52
73 89
76 81
92 84
55 91
66 97
87 89
91 72
73 58
71 88
63 53
80 71
67 100
95 84
59 85
51 90
92 66
74 92
78 79
54 53
62 88
60 85
77 66
69 62
62 54
73 66
83 95
65 69
61 95
52 78
82 72
96 84
56 64
71 68
52 90
68 96
50 89
96 81
52 95
97 94
72 98
96 77
72 87
64 93
94 97
64 77
56 91
91 76
73 90
58 82
79 91
100 64
50 79
54 69
66 56
75 79
87 60
55 87
65 71
51 53
63 55
91 93
67 74
56 65
63 56
78 71
66 68
89 72
61 61
95 52
66 50
69 55
90 70
64 70
69 77
88 77
73 72
80 50
57 91
83 86
99 86
98 67
70 56
68 90
60 98
72 93
56 72
51 85
71 99
74 57
91 52
63 88
82 50
54 97
89 53
80 95
70 90
83 58
73 82
94 51
79 89
73 91
84 89
56 76
57 94
60 94
91 90
82 99
98 52
89 100
63 84
51 70
66 50
81 50
73 94
95 61
91 91
96 66
77 59
57 52
99 85
66 95
91 50
61 70
98 80
100 83
61 88
93 96
58 53
64 89
89 75
60 85
95 98
63 94
84 62
83 82
63 100
65 54
95 88
79 93
70 63
83 68
63 77
84 92
68 56
62 96
88 88
61 75
91 54
88 61
79 55
93 99
93 93
62 66
65 60
66 86
82 53
73 55
96 88
96 92
73 92
69 80
56 99
83 51
72 53
86 75
78 95
66 68
67 61
71 64
71 56
74 95
52 82
67 91
85 96
92 73
72 69
79 61
66 70
66 69
90 73
54 92
67 59
89 73
95 95
79 76
65 87
70 55
70 69
56 97
70 64
89 75
83 65
74 75
64 64
54 63
64 91
75 53
62 91
91 66
71 51
65 56
95 60
95 84
74 87
71 55
85 66
80 65
66 66
52 92
58 91
58 94
84 76
83 76
97 93
59 100
69 92
88 78
71 93
77 93
74 78
69 77
98 65
85 66
62 86
52 60
63 60
98 55
58 82
88 71
63 85
82 60
80 73
88 77
54 83
79 88
76 93
56 89
100 63
63 75
77 91
92 81
58 63
77 55
84 91
70 98
53 76
58 73
55 91
79 81
80 52
84 77
99 67
87 94
67 94
96 75
77 72
56 92
61 77
65 52
98 91
90 91
80 64
52 65
70 97
51 58
71 91
75 61
50 81
100 68
84 92
57 82
78 63
73 78
67 97
54 61
76 72
78 52
50 52
84 50
83 95
60 96
87 97
94 79
56 68
88 63
90 67
99 77
96 87
53 51
73 74
85 92
68 80
73 97
59 91
79 58
72 58
83 85
84 50
77 67
58 85
54 90
85 84
63 93
57 54
62 93
74 83
51 99
59 100
74 83
75 53
66 90
63 96
73 78
60 94
91 62
82 82
84 62
60 51
79 83
63 76
86 62
100 76
62 77
93 82
69 84
56 95
89 81
87 61
77 71
60 88
67 62
74 85
58 53
58 88
98 51
59 58
65 56
95 90
89 88
83 75
72 100
94 75
51 85
97 51
87 50
99 59
83 67
71 66
90 68
84 54
89 60
94 86
88 86
87 95
68 53
56 68
98 54
96 77
70 56
56 65
71 93
55 64
91 83
85 60
69 87
65 85
68 94
80 83
96 76
62 85
92 97
56 81
100 75
64 97
71 98
95 71
94 62
84 76
70 98
95 77
72 80
91 66
69 75
84 58
98 97
99 85
70 59
80 93
83 53
69 90
62 72
56 73
71 59
67 57
83 92
64 70
67 68
85 52
86 63
65 69
76 77
67 92
100 94
63 53
79 82
75 100
64 52
82 87
83 61
65 51
95 99
66 94
79 85
76 92
88 61
87 80
82 85
88 99
96 83
77 65
63 89
74 66
60 73
70 50
64 90
99 58
58 76
80 93
60 61
97 50
70 90
59 53
56 64
51 100
82 99
98 78
54 86
54 72
85 64
84 93
52 50
68 56
79 52
54 50
75 74
97 75
75 80
93 53
71 89
83 84
52 75
50 66
56 96
67 96
88 94
99 51
61 65
50 64
79 68
57 96
100 81
76 52
83 65
76 67
58 58
62 98
89 52
85 67
71 69
77 97
60 53
84 74
56 99
92 84
50 92
97 62
59 86
63 83
62 80
87 62
64 60
63 83
61 94
83 65
99 82
77 77
52 67
79 54
51 71
96 97
50 77
75 54
50 98
64 82
85 99
82 56
87 87
96 86
88 76
83 86
54 54
78 60
91 60
80 57
99 82
64 100
75 94
86 67
94 82
80 81
55 59
68 92
98 92
72 55
95 65
65 70
63 98
91 55
89 75
55 91
61 66
67 68
98 82
57 99
92 89
96 73
95 67
84 71
94 57
52 51
58 78
53 84
72 74
85 54
52 83
91 100
59 82
74 72
67 59
53 86
76 67
65 82
63 61
55 91
92 69
54 78
79 71
62 61
92 82
85 82
95 83
50 71
82 53
92 96
52 68
70 57
76 60
56 70
73 74
89 92
79 53
68 50
96 51
94 53
84 82
84 93
66 72
85 90
52 91
68 71
60 56
73 73
51 54
83 77
53 65
83 86
51 55
86 95
86 76
82 56
94 79
87 84
61 60
65 55
90 55
62 94
58 92
88 73
56 95
100 86
55 76
