5
5 91
1 1 3 5 1
2 1 5 1 0
8 5 2 5 1
9 3 2 4 1
10 3 5 4 1
11 5 1 3 0
12 1 5 4 1
12 3 1 4 0
13 1 3 4 1
14 1 1 4 1
15 4 1 4 1
16 4 5 5 1
18 3 3 4 0
20 2 2 3 1
25 3 4 2 0
26 2 3 4 1
26 1 3 2 0
27 2 4 2 0
27 2 4 2 1
29 2 2 3 1
30 4 3 3 0
32 5 1 5 0
33 3 1 4 0
33 4 1 3 1
34 3 3 2 0
36 1 4 5 0
38 2 1 5 0
41 3 3 2 0
43 2 2 4 1
45 2 3 2 1
46 5 5 1 0
47 2 1 2 1
49 2 3 1 1
51 1 4 1 0
51 2 3 4 0
52 1 5 1 1
53 3 1 5 1
55 3 5 2 0
55 4 1 1 0
56 5 5 3 1
56 1 4 3 0
57 3 5 2 0
58 2 2 5 0
60 5 2 5 1
60 1 2 4 1
61 2 4 1 0
61 1 2 4 1
63 5 3 1 0
63 1 5 4 0
64 3 3 5 0
64 5 3 1 0
64 1 3 5 1
64 3 2 3 0
65 5 1 2 0
65 5 2 2 1
65 1 3 2 1
66 1 4 5 1
69 1 4 4 1
73 2 5 2 1
74 1 1 2 0
76 3 2 5 1
76 4 2 3 0
77 3 3 2 1
77 2 2 2 1
78 2 5 2 1
78 5 3 2 0
78 3 4 2 1
79 3 4 4 1
79 3 3 2 1
79 1 1 1 1
80 3 3 5 1
80 2 3 5 1
81 1 2 1 1
82 5 4 4 0
83 4 3 2 1
83 5 2 4 1
84 2 1 2 1
85 4 1 1 0
86 4 2 3 0
87 3 5 2 1
87 4 5 2 0
87 2 4 1 0
89 2 5 5 1
89 5 3 3 1
94 5 3 3 0
94 4 1 1 1
95 3 5 5 0
96 4 3 3 0
97 5 4 3 1
100 4 4 2 0
100 3 1 2 0
8 94
1 6 1 5 1
2 4 4 5 0
3 2 3 3 0
3 7 1 3 0
3 8 5 4 0
4 3 5 2 0
4 6 2 1 0
6 4 3 4 0
6 1 1 2 0
7 5 1 5 1
9 2 1 1 1
9 4 3 2 0
12 1 3 5 0
13 2 2 2 0
15 8 1 2 1
16 2 1 5 1
17 2 3 5 0
17 4 4 3 0
18 2 1 5 0
18 8 2 3 0
18 1 1 1 0
20 7 3 4 0
21 5 4 3 1
21 8 1 4 1
23 4 5 2 0
25 1 5 2 1
25 1 3 2 1
26 4 1 1 1
26 3 3 3 1
29 3 4 3 1
31 2 4 2 0
32 6 3 1 1
33 1 5 3 0
34 8 5 2 1
38 8 1 4 0
39 2 2 4 1
40 2 4 1 0
40 3 1 3 1
42 3 2 2 1
43 7 4 1 1
44 4 2 1 0
46 7 5 4 1
47 6 2 5 1
49 6 2 5 1
49 4 5 5 1
49 5 4 2 0
50 3 3 3 1
50 5 1 2 0
51 2 1 4 0
53 6 1 4 1
54 6 1 4 1
59 5 5 4 1
59 5 5 1 0
59 8 4 5 1
59 6 5 3 1
61 5 4 1 1
61 1 5 2 0
61 4 4 3 0
63 1 1 3 0
64 7 1 3 0
64 5 2 4 1
67 4 2 2 0
69 8 2 2 1
69 1 2 2 0
70 2 3 1 1
70 8 5 1 0
70 1 3 2 0
70 4 2 1 1
71 1 1 2 1
72 7 3 5 0
73 8 3 5 0
73 2 1 1 1
74 5 5 2 0
75 6 4 4 0
76 5 4 4 1
77 4 2 2 0
78 7 4 2 0
78 7 1 5 1
78 4 3 2 1
79 5 2 2 1
80 7 1 1 0
85 5 4 2 0
85 6 5 5 0
86 2 3 5 0
86 4 2 2 1
86 8 4 1 0
87 7 5 3 0
88 6 3 2 0
88 3 1 5 0
89 6 4 4 0
91 8 1 1 0
91 2 3 1 0
91 4 2 5 0
93 2 1 1 0
8 50
3 1 3 5 0
5 6 4 3 1
8 7 3 2 0
9 5 2 1 0
9 7 1 1 1
11 3 1 4 0
12 7 2 4 1
14 5 1 5 0
17 3 2 4 0
19 1 1 3 1
19 8 3 1 0
23 1 1 1 1
25 2 4 4 0
26 6 3 2 0
28 7 2 4 1
32 1 5 4 1
32 6 3 5 0
33 4 1 2 1
37 5 3 4 1
39 7 4 3 1
39 2 1 3 1
40 8 4 5 1
42 6 1 5 1
43 6 2 1 1
45 1 5 3 1
45 7 5 1 1
48 7 3 4 1
51 1 3 2 0
54 7 4 5 1
54 4 1 1 1
55 8 4 1 0
56 4 1 3 0
59 4 3 1 0
61 3 3 1 1
62 1 2 5 1
66 3 4 1 0
69 5 2 3 0
69 5 3 3 0
70 6 3 1 1
72 4 3 4 1
75 5 3 4 1
81 6 4 1 0
83 7 5 1 0
84 8 3 5 1
88 7 1 3 0
91 1 5 2 1
93 3 4 2 0
96 4 4 4 1
99 3 4 5 0
100 3 3 1 1
6 59
1 4 5 5 1
1 3 1 1 1
2 1 2 5 0
3 1 4 1 1
6 4 4 5 1
9 4 1 2 0
10 5 3 2 0
11 4 3 5 1
16 2 4 5 1
16 4 2 2 1
16 3 2 1 0
18 5 4 2 1
19 3 4 5 0
19 1 4 1 1
20 4 4 4 0
25 4 3 1 0
30 3 1 4 1
37 6 5 1 0
39 1 5 2 1
43 4 3 1 1
44 1 4 1 1
44 3 2 4 1
44 3 2 5 1
45 2 1 3 0
45 5 5 3 0
45 3 1 5 1
49 1 2 2 1
50 4 1 5 1
50 2 5 3 0
51 1 2 2 0
53 5 5 2 1
55 6 5 5 1
55 4 4 3 0
56 3 4 4 0
59 1 1 3 0
59 6 5 2 0
61 6 4 1 1
61 1 5 3 1
61 4 2 4 1
61 4 1 1 0
65 6 1 4 1
66 4 5 2 1
67 6 1 5 1
67 1 3 1 1
68 5 4 2 0
70 6 1 2 0
70 1 1 1 0
72 1 4 3 0
77 3 5 5 1
83 3 2 5 0
84 1 3 1 1
87 5 1 3 0
88 3 2 2 0
88 4 2 1 0
94 5 2 2 1
98 4 2 4 0
99 6 5 3 1
100 5 1 2 1
100 2 3 5 0
9 71
4 5 4 4 1
4 3 3 3 0
5 2 5 2 1
6 9 4 1 0
9 1 4 1 1
9 8 2 5 0
10 1 2 1 0
11 8 2 1 1
12 6 1 3 1
13 7 1 1 0
17 1 3 4 0
17 2 5 4 1
17 1 1 4 1
18 7 4 3 0
22 7 5 2 0
22 8 4 2 0
24 8 5 5 0
24 1 3 3 0
25 4 2 5 0
27 3 2 1 0
27 2 5 4 0
28 9 1 4 0
30 7 4 3 1
34 1 4 5 1
41 5 1 4 1
41 2 3 2 1
42 1 1 1 0
44 8 1 3 0
45 8 3 4 0
46 7 3 3 1
48 9 1 3 0
49 5 3 4 1
50 4 4 2 0
52 7 2 2 1
52 7 2 5 0
52 3 4 1 1
53 1 4 3 0
55 4 3 2 1
56 5 3 1 1
58 3 4 2 1
58 5 2 1 0
59 6 2 2 0
61 3 4 5 0
62 6 2 3 0
64 9 5 2 1
65 7 5 4 1
66 4 5 5 0
67 9 4 2 0
68 2 4 2 0
68 2 4 2 1
70 9 4 5 0
71 1 2 1 0
74 2 4 2 0
76 5 5 5 1
76 5 5 3 0
77 9 1 1 1
78 4 3 4 1
83 6 4 3 0
87 8 4 1 1
89 8 2 2 0
90 4 4 4 1
90 3 5 4 1
93 7 5 3 0
93 4 4 4 0
94 9 3 3 1
95 1 2 3 0
96 7 5 2 0
96 1 2 1 1
96 2 5 3 0
100 7 2 4 1
100 9 2 1 0
