5
8 88
1 7 5 2 1
2 7 1 4 1
2 6 5 3 1
3 8 3 1 1
3 5 3 5 1
5 3 5 2 1
6 7 5 5 0
8 5 1 5 1
9 8 1 3 1
9 6 3 5 0
9 8 2 2 0
11 8 4 2 0
11 3 5 3 0
11 4 4 4 0
12 2 1 1 1
13 3 1 2 0
14 6 3 3 0
16 7 3 4 0
16 8 5 5 0
17 2 2 2 0
18 5 1 5 1
18 7 2 4 0
19 8 1 2 0
20 4 2 4 0
21 8 1 2 1
23 1 2 2 1
25 7 4 2 1
26 4 1 1 0
26 5 3 3 1
26 5 5 1 0
26 7 3 4 0
27 7 2 4 0
28 8 1 1 1
28 3 1 2 0
31 5 5 4 0
31 1 4 1 1
32 4 5 5 0
32 3 3 3 0
32 3 3 3 1
35 7 5 4 0
37 5 1 1 0
37 3 3 3 0
38 4 3 5 0
41 4 3 3 1
42 2 1 3 1
43 5 4 4 1
44 4 1 3 1
46 4 3 1 1
46 2 1 5 0
46 2 3 2 1
46 6 2 3 1
47 2 5 4 1
47 2 2 3 1
47 1 1 1 1
48 8 3 5 1
49 7 2 2 0
49 1 5 5 0
50 8 1 5 0
54 2 2 1 1
54 2 2 2 1
61 7 3 4 0
62 5 4 4 0
64 3 3 3 1
66 7 3 1 0
66 8 3 5 1
71 2 4 5 1
72 7 3 5 1
75 7 2 5 1
76 1 2 2 0
78 6 5 4 0
79 8 1 4 0
80 4 2 4 0
83 2 5 3 0
86 5 3 3 1
86 2 2 5 1
87 1 1 1 1
88 3 5 3 0
89 2 2 1 1
89 5 3 5 1
92 7 2 1 1
93 8 1 2 1
93 7 3 5 0
96 8 2 3 0
96 6 5 2 1
98 5 3 3 1
99 5 1 3 0
99 1 4 4 0
100 2 4 1 1
10 72
1 7 2 2 1
2 1 4 4 0
4 10 3 3 0
4 6 3 2 0
4 8 4 4 1
4 10 4 4 1
6 1 5 5 1
8 9 2 4 0
9 4 1 3 0
10 2 3 3 0
11 3 3 5 1
14 4 4 3 1
17 2 4 3 0
18 2 5 5 0
21 2 3 5 0
23 8 1 3 1
25 2 4 1 1
25 10 1 1 1
26 9 5 3 0
27 6 2 4 1
27 7 2 3 0
28 1 2 2 0
28 7 5 1 1
30 3 2 2 1
30 7 2 4 1
31 8 2 3 1
34 2 4 2 0
35 10 2 3 0
36 4 4 1 0
41 5 4 5 1
41 4 2 4 1
44 8 1 4 0
45 6 5 1 0
46 2 1 1 1
47 3 1 3 1
47 9 5 4 1
50 4 2 2 0
51 2 1 2 0
51 1 5 3 1
53 1 5 4 0
57 9 2 3 1
59 10 2 5 0
63 5 4 5 1
65 4 5 4 1
66 7 1 3 1
66 10 3 1 0
68 8 5 3 0
71 9 5 5 1
73 3 2 3 0
73 3 4 4 1
79 9 1 1 0
79 4 1 1 1
79 9 4 4 0
80 5 1 1 1
81 6 3 3 0
83 8 3 1 0
83 7 1 1 0
84 3 4 5 1
87 2 3 4 0
88 5 1 4 0
90 5 1 4 0
90 7 2 5 1
91 8 1 2 1
91 3 5 2 1
92 9 5 3 1
95 7 5 4 1
97 2 4 3 0
97 10 2 4 1
98 3 1 5 1
99 10 4 3 1
99 6 1 4 0
100 6 2 1 1
6 51
1 1 4 1 1
7 3 2 2 1
10 6 5 4 0
11 6 3 3 1
12 4 5 1 1
12 5 1 2 0
15 3 5 2 1
15 2 5 4 0
16 2 4 1 0
18 3 4 3 0
19 3 1 2 0
24 6 5 4 0
26 1 3 1 1
27 2 4 5 0
29 6 4 3 1
29 4 5 1 1
32 3 2 3 0
33 2 4 2 1
33 2 1 2 0
35 1 4 2 0
35 2 4 3 1
36 1 5 3 0
37 3 1 1 1
38 5 4 4 0
39 3 4 5 0
40 6 5 3 0
43 6 2 5 0
48 2 4 3 0
49 3 2 3 1
51 1 5 1 1
52 5 2 3 1
52 1 2 2 1
53 6 5 4 0
54 4 1 3 0
55 2 2 3 0
55 5 1 2 1
57 6 4 1 0
59 5 5 3 0
64 6 2 4 1
66 3 2 2 1
71 2 1 2 0
74 3 4 4 1
81 3 5 2 0
83 5 1 3 1
88 1 2 1 0
90 6 4 5 1
91 6 5 3 1
92 2 2 3 1
95 5 2 1 1
95 4 1 3 0
99 2 2 4 0
8 54
1 6 1 5 0
1 6 2 1 1
2 1 5 4 1
5 2 5 2 1
7 7 2 2 0
9 8 1 5 0
14 6 4 5 1
17 8 2 5 1
18 6 5 4 0
18 3 5 4 0
20 6 5 3 1
20 5 5 4 1
20 5 3 5 0
23 7 3 3 1
23 2 2 5 1
23 2 2 5 0
29 7 2 2 1
33 2 2 2 1
38 6 4 4 0
38 6 4 2 1
44 5 4 5 1
44 5 4 2 0
44 3 3 3 0
46 8 3 2 1
47 2 3 2 1
51 8 5 2 1
52 6 3 4 1
53 7 2 5 1
55 2 4 4 1
56 8 4 5 0
56 3 4 4 1
58 3 2 2 0
58 2 1 2 1
63 2 4 1 0
64 1 5 3 1
66 3 1 3 1
67 5 4 5 1
69 3 4 2 0
70 7 4 2 1
71 3 1 4 1
71 1 1 3 0
74 6 5 5 0
75 3 1 5 0
76 8 4 3 0
78 1 4 1 0
81 5 3 5 0
83 8 2 4 0
84 7 4 4 0
88 3 3 3 0
88 3 4 4 1
94 3 1 1 0
96 1 4 5 1
98 4 3 1 0
99 3 1 5 0
9 75
1 2 1 1 1
2 6 3 1 0
2 2 1 4 1
2 8 2 5 1
4 1 2 1 0
7 6 5 3 0
9 9 5 2 0
11 2 4 5 0
13 8 5 5 1
15 7 4 3 1
17 8 2 4 0
18 8 5 3 1
18 9 4 5 1
19 8 5 3 0
22 5 5 4 1
22 4 3 5 1
26 1 3 4 1
27 6 3 2 0
28 3 2 4 1
29 9 5 3 0
32 5 5 1 0
33 7 1 1 0
34 2 4 3 0
36 2 3 4 0
36 2 3 1 0
37 7 3 3 0
38 2 4 1 1
38 6 1 4 1
38 5 2 1 1
39 9 5 5 1
39 2 4 5 0
41 1 1 3 1
43 5 5 1 0
44 7 3 5 1
44 2 4 4 0
45 4 2 1 0
48 1 4 5 0
48 4 1 2 0
49 8 1 1 0
50 5 2 4 0
50 7 5 3 0
52 1 4 5 1
57 9 1 5 1
58 6 3 2 0
58 4 5 4 1
64 3 1 4 0
66 1 1 4 0
66 2 4 1 1
66 7 4 5 1
67 7 5 1 1
67 7 4 1 0
70 6 2 1 0
73 9 1 2 0
73 6 4 1 0
74 4 1 1 1
75 5 2 1 1
77 2 2 2 1
77 1 2 2 1
78 4 4 3 0
78 4 1 3 1
78 5 3 4 0
81 1 5 4 0
82 2 4 4 0
84 9 4 5 1
87 5 1 2 0
91 9 1 1 1
92 9 4 3 1
94 1 1 2 1
94 6 5 5 0
94 7 5 3 0
94 7 3 4 1
95 5 2 2 0
99 8 1 1 1
99 4 4 3 1
100 4 3 1 0
