5
7 52
1 2 2 4 0
3 7 5 5 0
7 3 1 5 1
8 1 4 1 0
13 7 2 4 1
14 6 1 4 1
15 3 2 5 0
17 4 3 1 0
18 1 3 5 0
19 4 2 4 0
19 3 3 4 0
20 5 3 4 0
22 2 5 1 0
26 3 1 3 1
26 7 1 2 1
26 7 1 1 0
27 3 4 1 0
27 2 5 2 0
28 5 1 5 0
33 7 3 2 1
33 2 1 1 1
35 1 5 5 1
36 6 3 5 1
39 1 3 5 0
42 6 3 3 0
42 3 4 4 1
42 2 5 2 1
46 3 5 4 0
50 2 2 1 1
52 5 2 2 0
52 4 3 2 0
55 2 1 2 1
56 2 1 3 0
59 2 2 4 1
62 4 1 1 0
65 2 4 2 1
67 2 1 2 1
68 4 4 1 1
69 3 5 5 0
71 3 4 2 0
72 1 4 4 0
73 6 2 2 1
79 4 1 4 0
79 3 5 4 0
81 1 3 2 0
83 6 2 5 1
86 2 3 4 1
87 5 5 2 1
92 5 5 3 1
96 5 4 2 1
99 1 4 1 1
100 3 1 1 1
7 98
1 2 1 4 0
2 6 2 3 0
2 1 4 2 0
2 1 2 5 0
4 1 5 1 0
5 7 1 2 0
8 3 4 3 0
8 7 3 2 1
10 1 3 1 0
11 5 2 5 1
11 5 2 4 0
12 3 1 1 0
15 6 5 3 0
15 7 4 4 1
15 6 5 5 1
16 5 1 3 1
16 5 4 4 0
25 2 4 5 0
26 6 3 3 1
27 5 5 3 1
28 7 4 4 1
28 4 3 1 1
30 7 1 1 1
30 5 1 2 1
30 6 1 2 0
31 3 2 4 0
31 6 4 1 1
32 5 5 1 0
32 1 1 5 0
32 3 2 1 1
34 3 4 2 1
34 3 2 4 0
38 4 2 4 1
38 6 1 3 0
38 4 5 5 1
39 1 2 2 0
39 1 3 2 0
40 3 2 1 1
40 1 4 2 0
40 1 3 1 0
41 4 5 5 1
41 4 2 5 0
42 5 3 5 1
43 6 3 1 1
44 1 5 5 0
47 7 1 3 1
48 2 5 5 0
49 3 4 5 1
50 1 4 1 0
52 1 4 5 0
53 2 4 2 0
53 3 2 2 1
53 5 2 1 0
53 3 5 1 1
54 6 1 5 1
54 1 4 1 1
55 2 2 2 1
56 4 4 5 0
58 3 5 5 1
60 5 1 3 1
62 7 3 2 1
63 5 3 4 1
64 4 4 3 0
65 4 3 1 1
65 1 4 5 1
66 1 2 3 1
68 5 5 4 0
68 5 5 2 1
68 7 5 3 1
68 1 3 1 1
68 6 3 2 1
69 4 5 3 1
74 7 2 5 0
74 7 4 4 0
75 1 1 3 1
77 3 4 3 0
78 7 3 4 1
80 6 1 2 1
83 6 5 3 1
83 5 1 3 1
84 4 4 5 0
84 5 3 2 1
85 5 1 2 0
86 4 4 3 1
86 4 1 5 0
87 4 4 2 1
88 2 2 1 0
90 2 1 3 1
90 5 1 5 1
90 6 2 4 1
91 1 4 3 1
93 4 3 1 0
94 2 5 5 0
95 7 1 5 1
96 7 1 4 0
100 5 1 4 1
100 6 5 3 0
100 4 2 2 1
5 91
1 5 3 1 1
2 5 1 4 0
2 5 5 1 0
3 5 5 2 0
4 4 5 5 1
5 4 5 5 1
7 5 5 3 0
7 5 4 2 1
8 3 5 4 0
9 5 3 4 1
9 2 5 2 0
10 3 3 4 0
12 1 4 5 0
13 4 5 5 0
13 3 3 3 0
15 1 1 2 1
15 2 3 1 0
16 4 5 5 0
17 5 4 3 0
17 2 3 3 0
21 5 2 3 1
21 4 2 4 0
22 3 4 5 1
27 3 4 1 1
30 5 2 1 0
30 2 3 1 1
35 5 4 1 0
36 3 4 1 1
36 3 2 4 1
38 5 1 2 1
38 2 2 5 0
39 3 3 3 0
40 3 1 1 1
40 1 4 3 0
41 5 3 4 1
42 5 4 4 0
42 3 3 2 1
44 4 3 3 0
45 1 2 5 1
45 5 1 1 0
47 3 2 2 1
48 3 2 5 0
48 1 2 4 1
50 4 1 1 1
52 3 4 4 0
52 5 4 5 1
53 4 1 2 1
54 2 3 2 1
56 3 4 2 1
57 1 5 2 0
60 5 2 4 1
61 3 5 1 1
62 5 4 1 1
62 4 3 1 1
62 1 3 3 0
65 5 5 5 1
66 1 2 5 0
67 5 5 4 1
68 5 1 2 0
71 2 5 2 1
74 3 3 3 1
74 4 5 3 0
74 4 1 1 0
75 3 3 4 1
76 3 2 3 1
76 1 1 5 1
77 1 2 3 1
77 3 1 5 1
77 2 5 3 0
79 4 5 5 1
82 5 5 4 1
84 4 2 4 1
84 2 3 3 0
84 2 4 2 0
84 5 1 2 1
85 5 4 3 1
85 1 1 5 0
86 5 2 3 0
86 3 3 1 1
87 3 2 1 1
89 4 3 5 0
90 2 5 2 1
91 3 3 1 1
91 1 2 2 1
92 5 2 3 1
92 1 2 2 1
94 2 1 1 0
95 1 2 2 1
96 5 1 3 1
97 4 1 4 0
100 2 4 4 0
6 58
1 5 2 2 0
2 2 2 2 1
5 2 5 2 1
6 5 1 5 0
6 1 4 5 1
6 2 5 5 1
8 3 2 1 1
13 6 2 3 1
14 6 5 5 1
15 2 2 5 0
16 4 4 2 0
19 2 4 1 0
19 2 3 2 1
19 6 2 3 0
21 3 5 5 1
21 1 3 1 1
23 1 5 2 0
24 1 4 1 0
25 4 4 3 1
34 4 3 1 1
36 2 2 1 0
37 5 4 1 1
39 5 1 1 1
41 4 5 4 0
46 2 5 2 1
47 5 5 3 1
49 4 3 5 0
51 6 4 4 0
53 2 3 2 1
55 5 1 1 0
56 2 2 5 1
61 3 3 5 1
64 4 2 5 0
65 3 4 4 1
67 3 5 1 1
68 2 3 2 1
73 3 4 5 0
73 3 1 2 0
74 1 5 3 0
77 3 2 2 1
77 3 4 4 0
78 2 3 1 0
79 6 4 3 1
80 3 4 5 0
80 1 5 1 1
81 3 1 4 0
81 2 1 3 1
83 1 4 5 0
85 6 3 1 1
85 6 1 4 1
88 4 3 5 0
89 2 1 4 1
91 6 3 1 1
94 2 4 4 1
96 2 3 4 0
96 4 3 2 1
97 5 5 4 1
99 1 5 3 1
6 56
2 4 2 2 1
2 5 5 4 1
4 3 3 1 1
4 5 4 2 1
5 3 5 3 1
6 1 2 3 1
10 2 5 3 0
11 6 4 4 0
14 3 2 2 1
17 1 5 4 1
18 5 1 4 0
19 2 4 5 0
20 1 5 1 0
22 5 5 1 1
25 4 1 1 0
28 2 3 4 0
29 4 5 2 1
32 5 2 5 0
32 6 1 1 0
37 6 1 5 1
37 4 4 3 0
37 6 1 5 1
37 5 5 3 1
38 6 3 2 0
43 6 1 4 0
47 2 5 4 1
52 6 2 4 1
55 6 3 4 0
56 4 2 1 0
56 4 4 2 0
58 2 3 5 1
60 6 3 5 0
64 6 2 1 0
65 3 2 2 1
68 6 2 5 0
69 5 2 5 1
69 4 5 2 1
69 3 3 2 0
72 1 1 4 1
75 6 3 3 1
78 3 5 2 1
78 5 1 1 0
79 2 4 1 0
80 4 3 5 0
81 6 2 1 1
81 1 3 2 0
81 6 1 4 1
81 5 5 2 0
87 2 3 3 1
90 2 1 2 1
95 3 5 2 0
95 2 3 1 1
96 4 5 2 0
97 1 3 5 0
97 1 3 2 0
99 1 2 5 1
