5
89 934
91 36 87 75 88 51 77 82 97 24 98 42 52 55 62 35 67 75 51 27 71 40 39 15 31 24 12 88 15 71 59 53 61 56 65 82 70 52 45 22 68 22 73 22 64 24 87 90 93 87 99 44 43 92 72 10 98 98 42 94 15 27 100 95 96 63 69 38 88 30 85 76 92 56 24 75 25 27 11 47 34 89 22 17 39 46 79 85 31
88 590
56 42 50 37 77 30 21 87 44 17 98 25 82 27 35 78 32 26 57 63 47 51 77 43 71 91 78 89 21 76 95 56 55 24 39 71 52 28 96 58 25 91 75 83 59 36 29 93 71 29 93 76 81 55 87 15 45 71 56 81 17 29 69 34 93 74 93 22 76 97 18 48 63 32 72 34 37 53 28 60 74 68 98 99 99 25 35 80
83 770
46 28 72 20 97 89 86 66 89 56 21 48 40 46 26 80 46 23 85 59 33 28 68 56 86 74 88 62 26 34 71 16 34 28 97 96 12 95 39 16 56 59 53 87 44 35 50 38 39 60 24 53 77 16 17 96 25 92 61 83 22 23 59 77 31 57 61 76 66 74 80 26 88 44 42 19 80 44 82 24 55 33 78
81 853
19 19 78 89 68 64 19 73 90 66 23 32 19 98 15 55 45 22 52 31 34 63 90 75 84 19 64 63 73 89 21 51 45 96 82 26 93 89 48 74 61 50 27 98 28 21 85 14 81 24 11 84 89 64 45 97 57 25 100 93 54 64 83 80 64 67 55 66 25 47 65 72 15 18 53 86 58 59 46 63 81
90 777
32 42 62 80 70 69 34 99 28 36 95 30 28 15 36 99 39 65 81 38 37 35 36 100 71 19 81 97 57 80 54 34 36 29 40 71 77 67 37 71 39 52 63 96 73 45 90 45 59 89 71 56 36 70 76 58 29 38 34 28 13 87 19 76 92 81 74 64 58 37 92 95 71 54 27 91 90 15 81 100 99 63 56 80 11 79 15 87 51 93
