5
8 59
2 7 3 5 1
3 2 3 4 1
5 1 2 4 1
5 5 4 4 1
5 1 4 5 1
7 7 1 1 0
9 3 5 4 0
9 5 4 4 1
9 4 3 3 0
11 4 2 1 1
12 2 5 5 0
14 1 2 5 0
15 1 2 3 0
16 7 2 5 0
22 2 4 4 0
23 7 2 4 1
27 3 4 1 1
31 5 4 4 0
34 7 4 5 1
37 6 4 5 0
38 7 1 5 1
39 3 4 4 1
41 4 5 1 1
41 7 2 3 1
42 7 2 4 1
43 2 4 5 1
48 1 1 4 1
52 6 2 2 0
54 8 2 3 1
56 1 4 3 1
56 4 5 5 1
58 5 1 5 0
58 4 4 1 0
59 1 1 4 0
62 8 1 2 1
69 7 1 5 1
70 5 2 5 1
72 1 4 1 1
72 8 4 5 0
76 5 5 1 0
76 1 1 1 0
77 3 1 3 1
77 3 5 4 1
78 4 1 5 0
78 2 4 2 1
79 8 4 4 0
81 6 3 5 0
83 6 3 3 1
84 8 1 5 0
87 5 5 2 1
87 1 3 4 0
87 5 3 1 1
90 4 2 5 0
92 2 5 5 0
92 4 2 2 1
93 4 2 1 1
96 2 4 2 1
100 7 5 4 0
100 1 2 4 1
8 53
1 4 3 2 1
2 8 3 2 0
8 3 1 1 0
9 8 4 3 0
10 8 4 4 0
11 5 5 3 0
14 7 3 4 0
15 2 5 1 0
19 7 4 3 0
19 4 5 4 0
20 1 2 3 1
25 6 2 3 0
25 1 4 5 1
27 3 4 3 1
29 3 3 2 1
33 6 2 4 1
34 1 5 2 0
35 3 3 1 1
35 3 3 3 1
44 5 2 5 0
50 8 1 3 1
50 4 3 2 0
53 4 1 1 0
54 1 1 5 0
54 7 3 3 1
58 4 1 5 0
59 6 5 1 0
59 5 5 2 1
60 2 5 5 0
61 4 5 4 0
69 1 2 4 1
72 3 5 5 1
74 6 5 3 1
74 7 4 1 0
74 6 1 1 1
75 3 2 1 0
77 1 4 4 1
77 7 3 5 0
78 2 4 5 1
80 3 4 3 0
81 8 4 3 1
81 1 2 2 1
82 3 3 3 1
83 2 1 1 0
85 4 5 2 1
87 2 2 4 0
88 6 4 4 1
88 7 1 5 1
92 5 3 4 0
94 4 5 5 0
98 3 5 1 1
98 7 1 1 0
100 1 3 5 1
6 91
1 4 1 2 1
1 4 1 1 1
1 6 4 4 0
2 6 2 3 0
2 1 1 3 1
3 4 4 4 0
3 3 1 3 1
4 5 3 2 1
6 1 3 1 1
7 3 3 2 0
8 5 1 4 0
9 3 3 1 1
10 6 4 5 0
10 3 3 5 1
12 3 1 3 0
12 4 2 1 1
13 5 4 4 0
14 3 1 4 0
14 2 1 2 0
15 6 2 4 1
15 4 2 3 1
15 5 1 3 1
16 5 4 4 1
17 5 1 4 0
17 6 2 4 1
18 5 5 5 1
19 2 3 3 0
19 5 2 2 1
21 2 3 3 1
23 6 2 4 1
24 6 5 4 0
24 1 3 5 0
25 4 5 1 1
26 4 2 4 0
27 1 4 2 1
27 2 3 2 1
29 5 5 4 1
29 6 2 1 0
29 4 2 5 0
30 2 1 1 0
31 5 4 4 1
33 3 5 5 0
33 1 3 3 0
34 4 4 5 1
35 1 4 1 1
36 3 4 3 0
37 5 2 4 0
38 6 4 1 0
38 4 2 1 1
41 3 4 4 0
42 6 3 4 0
42 1 2 1 1
42 3 4 5 1
46 4 4 4 1
50 5 2 4 1
51 1 1 5 1
51 4 5 1 1
54 4 4 1 0
55 2 1 1 1
56 5 4 3 1
59 4 5 5 0
59 3 2 2 0
59 4 3 2 1
59 4 3 3 1
63 4 4 1 1
63 4 4 4 1
63 5 2 3 0
63 5 4 1 1
64 6 2 1 1
64 6 4 3 0
65 6 2 2 1
67 1 5 2 1
71 4 4 3 1
73 1 2 2 0
74 5 1 4 1
75 1 3 4 1
75 6 2 5 1
76 6 5 3 1
79 1 1 3 0
83 6 5 1 1
83 1 5 3 0
87 2 3 1 1
89 1 1 3 0
89 3 1 4 1
91 4 1 2 0
93 1 3 2 1
94 4 4 3 1
96 5 4 4 1
98 2 3 4 1
99 4 2 2 0
99 2 2 1 0
8 82
2 6 3 2 1
3 7 3 2 0
3 2 1 2 1
3 6 4 1 0
4 7 3 1 0
5 8 3 2 1
7 4 2 5 0
8 4 4 5 1
9 1 2 2 1
12 6 5 3 1
12 1 4 4 0
13 8 1 5 0
13 8 1 3 0
13 6 5 4 0
14 8 1 2 0
18 4 1 2 1
21 2 5 3 1
21 2 2 3 0
24 8 1 1 1
29 2 3 2 1
30 5 1 5 0
31 7 3 2 0
31 5 5 3 0
33 1 3 3 1
33 4 2 4 1
33 1 1 4 0
33 8 3 3 1
34 5 2 5 0
36 5 1 1 0
36 8 3 4 1
38 5 5 4 1
41 5 5 1 1
41 3 2 1 0
43 4 1 2 0
43 8 2 4 0
47 3 2 1 0
51 2 1 5 0
52 3 3 3 1
52 5 5 3 0
52 6 1 3 1
55 6 4 3 1
55 6 1 4 1
55 4 5 5 1
55 7 5 4 1
55 8 5 4 0
56 5 2 4 0
57 8 3 5 1
58 4 3 3 0
59 4 4 2 1
60 6 4 4 0
63 2 2 5 1
68 8 2 4 0
68 3 4 4 0
72 4 4 2 0
73 1 1 1 1
73 1 5 5 1
73 7 5 2 1
74 5 3 3 0
76 1 4 2 0
77 6 5 1 1
78 8 5 3 1
78 5 4 1 1
78 1 4 3 1
78 5 5 3 1
79 3 4 3 1
80 5 1 5 0
80 3 1 4 1
81 1 5 5 0
81 2 1 5 0
83 7 1 2 1
83 1 5 1 1
84 6 1 4 1
87 4 1 5 0
87 2 3 5 0
88 6 5 3 1
88 4 3 3 1
93 7 4 5 0
93 7 4 1 1
95 1 2 5 0
96 8 5 1 1
99 2 3 2 1
99 3 5 1 0
7 91
2 5 1 5 1
3 5 4 2 0
3 1 2 3 1
3 3 5 2 0
4 5 4 4 0
5 6 5 3 0
5 7 3 5 0
6 2 4 5 0
7 2 5 5 0
7 2 2 4 0
7 2 4 5 1
8 6 1 4 0
9 3 3 1 1
13 7 1 1 1
13 6 2 5 0
14 5 2 5 1
14 1 1 3 0
15 7 2 2 1
16 7 5 1 1
16 6 5 2 1
21 4 3 2 0
22 4 5 4 0
22 1 3 2 1
22 6 5 1 0
23 4 4 5 0
28 7 4 2 1
29 2 2 3 1
29 2 2 1 0
31 3 4 5 1
34 2 2 2 0
36 1 4 3 1
36 2 2 4 0
37 4 5 2 0
37 3 2 1 1
38 7 5 3 1
38 6 5 1 0
39 4 5 5 0
39 5 1 4 1
40 2 3 2 0
40 7 1 1 0
41 5 1 3 1
42 4 2 5 1
45 7 1 5 1
46 2 2 2 1
48 4 3 4 0
49 2 4 5 0
50 6 3 4 1
51 4 3 3 0
53 4 3 5 1
53 1 5 5 0
54 2 2 4 1
56 5 4 3 1
56 2 5 4 0
57 7 1 1 1
58 2 4 1 1
59 4 5 5 0
59 4 5 1 0
61 5 5 2 1
62 1 4 2 0
65 4 3 2 0
65 6 1 1 1
66 3 2 2 1
66 1 2 5 0
67 2 1 1 0
67 4 3 4 1
70 3 3 3 0
70 1 4 3 0
71 3 1 5 0
77 2 1 1 0
78 4 2 1 1
80 5 3 1 1
81 2 4 4 0
83 7 2 5 1
84 6 1 3 1
84 1 3 4 0
85 1 2 3 0
86 7 1 3 1
86 7 2 3 0
88 1 5 3 1
88 2 1 5 0
88 6 1 5 0
90 4 4 3 0
92 3 1 1 1
94 6 4 1 0
95 2 4 4 1
97 3 1 4 1
97 6 2 2 1
97 1 5 4 1
98 6 1 4 1
98 4 2 5 0
99 7 2 4 1
