5
5 97
2 4 3 1 1
7 5 1 2 1
7 4 4 4 1
8 2 1 5 1
9 4 3 2 1
9 1 2 5 0
9 3 1 2 0
10 1 5 3 0
11 2 5 4 1
11 2 1 4 0
12 5 2 3 1
13 5 3 3 0
13 2 5 1 0
14 3 1 1 0
14 4 3 4 1
15 2 5 2 0
16 2 2 3 1
16 2 1 2 0
17 1 4 2 1
17 2 4 1 1
18 5 1 3 1
18 4 1 2 0
19 4 3 4 0
19 5 1 1 0
22 5 4 3 0
23 3 4 5 0
24 1 3 1 0
26 1 5 3 0
27 5 4 2 0
28 5 2 2 0
28 3 4 2 0
29 5 5 5 1
29 3 4 5 0
29 5 4 1 1
30 2 2 2 0
31 4 1 2 1
31 4 2 3 0
32 3 2 1 0
33 1 1 1 1
36 2 3 1 1
36 2 3 2 1
37 5 1 4 1
37 5 5 4 0
39 1 1 2 1
40 2 3 2 0
41 3 1 5 1
44 1 5 5 1
45 5 3 3 0
45 5 5 1 0
45 1 1 4 1
49 5 3 5 1
49 1 4 5 1
51 3 5 2 1
51 2 4 1 0
51 1 3 2 0
54 2 1 3 1
55 1 1 1 0
57 1 4 2 1
60 1 3 3 0
61 5 5 3 0
61 2 2 1 1
61 3 5 3 1
63 4 1 4 1
63 2 2 5 1
63 1 4 5 0
65 1 5 3 1
66 2 2 2 0
66 3 4 1 0
67 3 1 2 0
67 3 2 4 1
70 3 3 3 0
72 1 2 1 1
74 1 4 2 0
75 2 5 4 1
75 2 4 5 1
76 2 4 4 1
77 5 5 5 1
78 3 1 5 0
81 1 5 5 1
82 4 5 3 1
84 1 3 4 1
85 1 2 3 1
87 2 4 1 0
87 4 5 5 0
89 1 4 3 1
90 4 1 3 0
93 3 5 3 1
93 4 2 5 0
95 1 2 1 0
95 5 2 3 1
95 5 3 2 1
96 2 3 2 0
96 5 3 3 1
96 5 2 1 1
96 4 5 2 0
97 1 5 5 0
98 1 3 1 0
10 71
1 3 5 2 0
1 1 4 4 0
1 8 1 1 0
1 8 1 4 0
8 6 4 2 0
10 2 4 4 0
12 10 2 1 0
13 6 1 1 1
13 1 5 5 1
17 2 5 3 0
21 9 4 1 1
21 5 5 2 1
22 4 4 4 0
25 2 3 2 0
26 1 1 1 0
27 7 1 4 1
28 8 5 5 1
32 10 3 5 1
33 6 3 3 1
33 8 5 3 1
33 1 2 5 0
34 9 4 4 0
34 1 5 2 0
36 4 1 1 0
36 2 3 5 1
37 6 2 5 1
38 5 1 1 0
38 2 1 3 1
38 4 2 1 0
39 5 3 2 0
41 2 5 2 1
42 9 2 2 1
46 8 3 4 1
46 5 3 4 0
48 1 4 5 0
50 10 4 4 0
51 1 1 5 0
53 1 4 1 1
56 1 5 3 1
59 9 2 5 1
59 4 5 3 1
60 10 2 1 0
60 5 5 1 1
62 4 5 1 0
63 1 1 4 1
64 5 3 4 1
66 9 2 4 0
67 3 4 2 1
69 8 4 2 0
70 6 1 5 0
72 9 5 2 1
73 2 4 5 1
74 3 4 4 1
75 10 4 5 1
78 7 2 3 1
79 7 2 4 0
81 3 4 4 1
81 1 2 2 1
82 9 1 3 1
85 2 3 1 1
85 4 3 4 0
89 6 3 3 1
91 5 4 3 1
91 5 3 5 1
92 1 4 2 1
93 10 1 2 1
93 5 3 3 0
96 3 5 2 1
97 6 2 1 1
98 7 3 4 1
100 9 3 3 0
5 97
1 3 2 5 1
1 5 2 5 0
3 3 3 4 1
4 4 5 2 0
5 5 2 5 1
5 2 1 2 1
6 5 2 4 0
7 3 2 5 1
8 5 1 1 0
8 1 4 2 1
8 2 5 1 0
9 4 3 5 1
10 1 2 5 1
13 1 1 5 1
14 1 3 5 1
14 5 5 5 0
15 2 4 5 0
16 2 4 4 0
17 3 2 3 0
17 5 1 5 1
21 4 5 1 1
23 5 5 1 1
23 2 4 3 0
25 2 2 2 1
26 4 4 3 0
26 5 5 4 0
29 1 3 1 1
31 1 5 5 1
31 1 3 2 1
32 2 2 2 0
35 2 5 3 1
36 3 2 1 0
37 5 5 2 0
38 4 4 3 1
39 4 2 2 1
39 4 4 5 1
39 4 4 1 1
40 4 3 2 1
40 5 5 5 1
40 4 1 1 0
40 1 1 1 0
41 5 1 1 0
41 1 3 2 1
45 1 2 1 1
45 2 5 5 0
45 3 1 1 0
45 1 3 4 1
46 3 2 1 1
47 3 4 3 1
49 2 1 4 0
49 2 1 3 1
50 3 4 5 0
50 2 2 4 1
53 5 3 3 0
53 1 5 3 0
55 4 5 4 0
56 5 4 2 0
57 1 3 1 0
58 4 5 5 0
62 3 3 2 0
62 1 5 3 0
64 4 5 5 0
66 2 1 3 0
66 5 5 4 1
68 4 1 4 0
69 5 5 5 1
70 1 4 5 1
71 3 3 5 1
72 2 4 5 1
72 1 1 1 0
76 2 2 1 0
76 4 2 4 1
77 3 1 3 0
78 2 2 5 0
79 3 1 2 1
80 4 4 2 1
82 5 5 4 0
82 5 4 1 1
82 5 3 5 1
82 5 2 5 1
83 4 4 5 1
83 1 1 1 0
85 2 5 4 1
86 4 1 2 0
88 1 1 1 0
89 5 3 4 1
89 3 1 1 1
91 5 4 3 1
92 5 4 5 0
92 1 1 2 0
94 2 3 3 0
94 1 2 2 1
97 2 5 2 1
97 5 3 5 0
99 3 2 4 1
99 3 5 5 0
100 2 3 1 1
6 59
1 3 4 5 1
5 5 1 5 1
6 6 4 5 0
7 3 4 3 0
11 2 1 5 1
19 4 2 5 1
20 6 3 1 1
22 6 3 1 0
27 3 1 1 0
29 4 3 5 0
29 2 1 2 1
30 4 5 2 0
32 1 2 3 1
37 4 1 1 1
39 4 2 1 0
42 6 2 3 1
42 6 5 1 0
44 4 4 4 1
45 1 1 1 0
49 2 1 5 0
50 6 5 4 1
50 6 3 2 0
52 1 1 1 1
53 2 4 1 0
55 4 5 3 0
57 3 1 1 1
60 4 2 5 1
61 3 3 1 0
63 5 5 4 0
63 1 1 1 1
64 6 3 5 0
65 3 4 5 0
67 6 3 5 0
68 3 3 3 0
70 4 2 1 1
72 3 3 2 0
73 6 2 2 1
76 4 1 4 1
76 5 4 4 1
77 4 2 1 1
79 1 2 2 0
79 1 2 1 1
80 6 1 3 0
82 5 5 1 1
82 6 2 2 1
83 5 3 1 1
83 4 2 2 1
84 3 2 2 0
84 1 1 1 0
85 6 5 3 0
86 4 3 4 1
86 5 2 3 0
88 4 1 2 0
91 5 1 3 1
92 6 3 5 1
92 3 2 4 1
98 3 5 2 0
99 6 5 2 1
100 6 2 1 0
9 82
1 7 2 4 1
3 2 1 2 0
6 2 2 4 0
8 5 1 3 1
9 6 2 4 1
9 7 4 2 0
11 6 2 4 1
11 7 3 1 1
17 8 5 3 1
17 2 2 1 0
18 8 2 2 0
18 8 1 4 1
20 6 2 3 1
23 5 1 3 1
24 2 2 1 1
26 3 4 2 1
26 1 1 1 0
27 7 5 5 0
28 9 3 1 0
33 5 5 5 0
34 8 1 2 0
34 7 4 2 0
35 9 2 4 1
36 3 5 3 1
36 2 5 3 0
36 4 1 3 1
36 9 2 4 1
37 8 4 3 0
38 6 5 1 1
40 1 5 1 0
40 5 1 2 0
41 5 2 5 1
41 7 2 5 0
42 4 1 1 0
42 4 3 1 1
42 4 1 3 1
43 8 4 3 0
43 3 2 5 1
48 4 1 3 0
50 9 3 5 1
51 3 3 5 1
51 4 5 1 1
53 4 5 3 1
54 8 1 4 1
58 9 1 5 1
59 9 5 5 1
59 9 1 2 1
63 2 5 1 0
65 3 4 1 0
65 3 4 4 1
65 1 4 1 1
66 6 4 3 0
68 1 4 3 0
68 2 5 1 1
68 5 3 1 0
68 8 4 4 1
70 2 3 1 0
70 2 4 2 1
71 2 1 1 0
73 5 4 4 0
73 8 2 1 0
73 6 5 3 0
74 5 1 1 0
74 6 4 2 1
75 8 5 2 0
75 4 2 5 0
77 8 3 1 1
79 3 2 4 1
80 5 5 4 0
80 7 2 2 0
83 2 1 2 1
85 2 2 4 0
89 9 2 1 0
89 8 4 5 0
91 5 1 4 1
93 4 3 1 1
93 6 3 5 1
93 5 4 5 1
95 3 1 1 1
96 2 1 2 0
96 6 5 4 1
98 7 2 2 1
