1
10 99
1 4 4 5 0
1 4 1 5 0
1 4 2 1 1
2 3 5 5 0
3 8 1 1 0
4 6 4 1 1
5 9 5 1 0
6 3 1 3 0
11 1 5 4 1
12 1 1 5 0
12 3 3 2 1
13 1 1 4 1
13 6 5 2 0
14 1 5 5 1
16 3 4 1 0
16 10 1 4 0
17 1 5 3 1
19 2 2 3 0
20 5 4 2 1
20 1 1 2 0
23 9 1 5 1
23 7 1 4 1
24 2 5 2 0
28 4 4 5 1
29 10 1 3 1
31 9 2 1 0
34 9 5 1 1
34 2 3 4 1
35 5 2 5 0
35 5 5 2 1
35 4 3 5 1
36 7 3 3 1
36 1 3 2 0
37 8 2 5 0
38 10 4 4 0
38 10 2 1 0
39 6 4 3 0
40 10 1 4 1
41 1 2 4 0
42 7 2 3 0
42 9 2 1 1
44 5 2 5 1
46 5 1 3 0
46 1 4 2 1
47 9 2 1 1
48 5 1 4 0
49 9 2 2 0
50 2 5 4 1
50 10 4 4 1
50 1 2 5 1
53 1 5 3 0
54 10 3 4 0
54 6 1 1 0
59 3 3 2 1
59 9 5 4 1
61 8 4 2 0
62 1 5 4 1
62 1 3 2 0
62 6 1 2 0
64 7 3 1 1
64 4 2 3 1
66 9 2 1 1
66 6 1 3 1
67 5 1 3 0
68 8 2 1 1
69 6 1 3 0
69 7 1 4 1
70 7 5 4 0
71 10 1 3 1
71 7 3 2 1
72 10 2 1 1
73 4 5 3 0
73 5 3 4 1
74 8 5 2 1
74 3 3 3 0
76 1 5 4 1
77 4 3 1 0
77 5 4 2 0
78 6 3 5 1
79 6 3 5 0
80 8 5 1 0
80 6 2 4 1
81 9 4 2 1
82 9 1 3 1
82 2 4 5 0
82 7 4 5 0
83 7 2 2 0
85 1 2 2 0
87 10 1 3 0
89 1 2 2 1
93 1 2 2 1
93 7 4 3 0
94 2 5 3 0
94 6 1 4 1
98 8 3 2 0
98 9 4 4 0
99 7 3 3 1
100 2 3 3 0
100 5 5 5 0
